Chapter_Number,Chapter_English,Chapter_Arabic,Section_Number,Section_English,Section_Arabic,Hadith_number,English_Hadith,English_Isnad,English_Matn,Arabic_Hadith,Arabic_Isnad,Arabic_Matn,Arabic_Comment,English_Grade,Arabic_Grade
73.0,Al-Adha Festival Sacrifice (Adaahi),كتاب الأضاحي,1.0,The legal way of Al-Udhiya,سُنَّةِ الأُضْحِيَّةِ,5545.0,"Narrated Al-Bara: The Prophet (ﷺ) said (on the day of Idal-Adha), ""The first thing we will do on this day of ours, is to offerthe (`Id) prayer and then return to slaughter the sacrifice. Whoever does so, he acted according to ourSunna (tradition), and whoever slaughtered (the sacrifice) before the prayer, what he offered was justmeat he presented to his family, and that will not be considered as Nusak (sacrifice)."" (On hearingthat) Abu Burda bin Niyar got up, for he had slaughtered the sacrifice before the prayer, and said, ""Ihave got a six month old ram."" The Prophet (ﷺ) said, 'Slaughter it (as a sacrifice) but it will not besufficient for any-one else (as a sacrifice after you). Al-Bara' added: The Prophet (ﷺ) said, ""Whoeverslaughtered (the sacrifice) after the prayer, he slaughtered it at the right time and followed the traditionof the Muslims.""",Narrated Al-Bara:,"The Prophet (ﷺ) said (on the day of Idal-Adha), ""The first thing we will do on this day of ours, is to offerthe (`Id) prayer and then return to slaughter the sacrifice. Whoever does so, he acted according to ourSunna (tradition), and whoever slaughtered (the sacrifice) before the prayer, what he offered was justmeat he presented to his family, and that will not be considered as Nusak (sacrifice)."" (On hearingthat) Abu Burda bin Niyar got up, for he had slaughtered the sacrifice before the prayer, and said, ""Ihave got a six month old ram."" The Prophet (ﷺ) said, 'Slaughter it (as a sacrifice) but it will not besufficient for any-one else (as a sacrifice after you). Al-Bara' added: The Prophet (ﷺ) said, ""Whoeverslaughtered (the sacrifice) after the prayer, he slaughtered it at the right time and followed the traditionof the Muslims.""","حَدَّثَنَا مُحَمَّدُ بْنُ بَشَّارٍ، حَدَّثَنَا غُنْدَرٌ، حَدَّثَنَا شُعْبَةُ، عَنْ زُبَيْدٍ الإِيَامِيِّ، عَنِ الشَّعْبِيِّ، عَنِ الْبَرَاءِ ـ رضى الله عنه ـ قَالَ قَالَ النَّبِيُّ صلى الله عليه وسلم ‏""‏ إِنَّ أَوَّلَ مَا نَبْدَأُ بِهِ فِي يَوْمِنَا هَذَا أَنْ نُصَلِّيَ ثُمَّ نَرْجِعَ فَنَنْحَرَ، مَنْ فَعَلَهُ فَقَدْ أَصَابَ سُنَّتَنَا، وَمَنْ ذَبَحَ قَبْلُ فَإِنَّمَا هُوَ لَحْمٌ قَدَّمَهُ لأَهْلِهِ، لَيْسَ مِنَ النُّسُكِ فِي شَىْءٍ ‏""‏‏.‏ فَقَامَ أَبُو بُرْدَةَ بْنُ نِيَارٍ وَقَدْ ذَبَحَ فَقَالَ إِنَّ عِنْدِي جَذَعَةً‏.‏ فَقَالَ ‏""‏ اذْبَحْهَا وَلَنْ تَجْزِيَ عَنْ أَحَدٍ بَعْدَكَ ‏""‏‏.‏ قَالَ مُطَرِّفٌ عَنْ عَامِرٍ عَنِ الْبَرَاءِ قَالَ النَّبِيُّ صلى الله عليه وسلم ‏""‏ مَنْ ذَبَحَ بَعْدَ الصَّلاَةِ تَمَّ نُسُكُهُ، وَأَصَابَ سُنَّةَ الْمُسْلِمِينَ ‏""‏‏.‏",حَدَّثَنَا مُحَمَّدُ بْنُ بَشَّارٍ، حَدَّثَنَا غُنْدَرٌ، حَدَّثَنَا شُعْبَةُ، عَنْ زُبَيْدٍ الإِيَامِيِّ، عَنِ الشَّعْبِيِّ، عَنِ الْبَرَاءِ ـ رضى الله عنه ـ قَالَ,"قَالَ النَّبِيُّ صلى الله عليه وسلم ‏""‏ إِنَّ أَوَّلَ مَا نَبْدَأُ بِهِ فِي يَوْمِنَا هَذَا أَنْ نُصَلِّيَ ثُمَّ نَرْجِعَ فَنَنْحَرَ، مَنْ فَعَلَهُ فَقَدْ أَصَابَ سُنَّتَنَا، وَمَنْ ذَبَحَ قَبْلُ فَإِنَّمَا هُوَ لَحْمٌ قَدَّمَهُ لأَهْلِهِ، لَيْسَ مِنَ النُّسُكِ فِي شَىْءٍ ‏""‏‏.‏ فَقَامَ أَبُو بُرْدَةَ بْنُ نِيَارٍ وَقَدْ ذَبَحَ فَقَالَ إِنَّ عِنْدِي جَذَعَةً‏.‏ فَقَالَ ‏""‏ اذْبَحْهَا وَلَنْ تَجْزِيَ عَنْ أَحَدٍ بَعْدَكَ ‏""‏‏.‏ قَالَ مُطَرِّفٌ عَنْ عَامِرٍ عَنِ الْبَرَاءِ قَالَ النَّبِيُّ صلى الله عليه وسلم ‏""‏ مَنْ ذَبَحَ بَعْدَ الصَّلاَةِ تَمَّ نُسُكُهُ، وَأَصَابَ سُنَّةَ الْمُسْلِمِينَ ‏""‏‏.‏",nan,Sahih-Authentic,صحيح
73.0,Al-Adha Festival Sacrifice (Adaahi),كتاب الأضاحي,1.0,The legal way of Al-Udhiya,سُنَّةِ الأُضْحِيَّةِ,5546.0,"Narrated Anas bin Malik: The Prophet (ﷺ) said, ""Whoever slaughtered the sacrifice before the prayer, he just slaughtered it forhimself, and whoever slaughtered it after the prayer, he slaughtered it at the right time and followedthe tradition of the Muslims.""",Narrated Anas bin Malik:,"The Prophet (ﷺ) said, ""Whoever slaughtered the sacrifice before the prayer, he just slaughtered it forhimself, and whoever slaughtered it after the prayer, he slaughtered it at the right time and followedthe tradition of the Muslims.""",حَدَّثَنَا مُسَدَّدٌ، حَدَّثَنَا إِسْمَاعِيلُ، عَنْ أَيُّوبَ، عَنْ مُحَمَّدٍ، عَنْ أَنَسِ بْنِ مَالِكٍ ـ رضى الله عنه ـ قَالَ قَالَ النَّبِيُّ صلى الله عليه وسلم ‏ ‏ مَنْ ذَبَحَ قَبْلَ الصَّلاَةِ فَإِنَّمَا ذَبَحَ لِنَفْسِهِ، وَمَنْ ذَبَحَ بَعْدَ الصَّلاَةِ فَقَدْ تَمَّ نُسُكُهُ، وَأَصَابَ سُنَّةَ الْمُسْلِمِينَ ‏‏‏.‏,حَدَّثَنَا مُسَدَّدٌ، حَدَّثَنَا إِسْمَاعِيلُ، عَنْ أَيُّوبَ، عَنْ مُحَمَّدٍ، عَنْ أَنَسِ بْنِ مَالِكٍ ـ رضى الله عنه ـ قَالَ,قَالَ النَّبِيُّ صلى الله عليه وسلم ‏ ‏ مَنْ ذَبَحَ قَبْلَ الصَّلاَةِ فَإِنَّمَا ذَبَحَ لِنَفْسِهِ، وَمَنْ ذَبَحَ بَعْدَ الصَّلاَةِ فَقَدْ تَمَّ نُسُكُهُ، وَأَصَابَ سُنَّةَ الْمُسْلِمِينَ ‏‏‏.‏,nan,Sahih-Authentic,صحيح
73.0,Al-Adha Festival Sacrifice (Adaahi),كتاب الأضاحي,2.0,The distribution of the animals among the people,قِسْمَةِ الإِمَامِ الأَضَاحِيَّ بَيْنَ النَّاسِ,5547.0,"Narrated `Uqba bin 'Amir Al-Juhani: that the Prophet (ﷺ) distributed among his companions some animals for sacrifice (to be slaughtered on`Id-al-Adha). `Uqba's share was a Jadha'a (a six month old goat). `Uqba said, ""O Allah's Messenger (ﷺ)! I getin my share of Jadha'a (a six month old ram)."" The Prophet (ﷺ) said, ""Slaughter it as a sacrifice.""",Narrated `Uqba bin 'Amir Al-Juhani:,"that the Prophet (ﷺ) distributed among his companions some animals for sacrifice (to be slaughtered on`Id-al-Adha). `Uqba's share was a Jadha'a (a six month old goat). `Uqba said, ""O Allah's Messenger (ﷺ)! I getin my share of Jadha'a (a six month old ram)."" The Prophet (ﷺ) said, ""Slaughter it as a sacrifice.""",حَدَّثَنَا مُعَاذُ بْنُ فَضَالَةَ، حَدَّثَنَا هِشَامٌ، عَنْ يَحْيَى، عَنْ بَعْجَةَ الْجُهَنِيِّ، عَنْ عُقْبَةَ بْنِ عَامِرٍ الْجُهَنِيِّ، قَالَ قَسَمَ النَّبِيُّ صلى الله عليه وسلم بَيْنَ أَصْحَابِهِ ضَحَايَا، فَصَارَتْ لِعُقْبَةَ جَذَعَةٌ‏.‏ فَقُلْتُ يَا رَسُولَ اللَّهِ صَارَتْ جَذَعَةٌ‏.‏ قَالَ ‏ ‏ ضَحِّ بِهَا ‏‏‏.‏,حَدَّثَنَا مُعَاذُ بْنُ فَضَالَةَ، حَدَّثَنَا هِشَامٌ، عَنْ يَحْيَى، عَنْ بَعْجَةَ الْجُهَنِيِّ، عَنْ عُقْبَةَ بْنِ عَامِرٍ الْجُهَنِيِّ، قَالَ,قَسَمَ النَّبِيُّ صلى الله عليه وسلم بَيْنَ أَصْحَابِهِ ضَحَايَا، فَصَارَتْ لِعُقْبَةَ جَذَعَةٌ‏.‏ فَقُلْتُ يَا رَسُولَ اللَّهِ صَارَتْ جَذَعَةٌ‏.‏ قَالَ ‏ ‏ ضَحِّ بِهَا ‏‏‏.‏,nan,Sahih-Authentic,صحيح
73.0,Al-Adha Festival Sacrifice (Adaahi),كتاب الأضاحي,3.0,Sacrifices on behalf of travelers and women,الأُضْحِيَّةِ لِلْمُسَافِرِ وَالنِّسَاءِ,5548.0,"Narrated `Aisha: that the Prophet (ﷺ) entered upon her when she had her menses at Sarif before entering Mecca, and shewas weeping (because she was afraid that she would not be able to perform the Hajj). The Prophet (ﷺ)said, ""What is wrong with you? Have you got your period?"" She said, ""Yes."" He said, ""This is amatter Allah has decreed for all the daughters of Adam, so perform all the ceremonies of Hajj like theothers, but do not perform the Tawaf around the Ka`ba."" `Aisha added: When we were at Mina, beefwas brought to me and I asked, ""What is this?"" They (the people) said, ""Allah's Messenger (ﷺ) hasslaughtered some cows as sacrifices on behalf of his wives.""",Narrated `Aisha:,"that the Prophet (ﷺ) entered upon her when she had her menses at Sarif before entering Mecca, and shewas weeping (because she was afraid that she would not be able to perform the Hajj). The Prophet (ﷺ)said, ""What is wrong with you? Have you got your period?"" She said, ""Yes."" He said, ""This is amatter Allah has decreed for all the daughters of Adam, so perform all the ceremonies of Hajj like theothers, but do not perform the Tawaf around the Ka`ba."" `Aisha added: When we were at Mina, beefwas brought to me and I asked, ""What is this?"" They (the people) said, ""Allah's Messenger (ﷺ) hasslaughtered some cows as sacrifices on behalf of his wives.""","حَدَّثَنَا مُسَدَّدٌ، حَدَّثَنَا سُفْيَانُ، عَنْ عَبْدِ الرَّحْمَنِ بْنِ الْقَاسِمِ، عَنْ أَبِيهِ، عَنْ عَائِشَةَ ـ رضى الله عنها ـ أَنَّ النَّبِيَّ صلى الله عليه وسلم دَخَلَ عَلَيْهَا وَحَاضَتْ بِسَرِفَ، قَبْلَ أَنْ تَدْخُلَ مَكَّةَ وَهْىَ تَبْكِي فَقَالَ ‏""‏ مَا لَكِ أَنَفِسْتِ ‏""‏‏.‏ قَالَتْ نَعَمْ‏.‏ قَالَ ‏""‏ إِنَّ هَذَا أَمْرٌ كَتَبَهُ اللَّهُ عَلَى بَنَاتِ آدَمَ، فَاقْضِي مَا يَقْضِي الْحَاجُّ غَيْرَ أَنْ لاَ تَطُوفِي بِالْبَيْتِ ‏""‏‏.‏ فَلَمَّا كُنَّا بِمِنًى أُتِيتُ بِلَحْمِ بَقَرٍ، فَقُلْتُ مَا هَذَا قَالُوا ضَحَّى رَسُولُ اللَّهِ صلى الله عليه وسلم عَنْ أَزْوَاجِهِ بِالْبَقَرِ‏.‏",حَدَّثَنَا مُسَدَّدٌ، حَدَّثَنَا سُفْيَانُ، عَنْ عَبْدِ الرَّحْمَنِ بْنِ الْقَاسِمِ، عَنْ أَبِيهِ، عَنْ عَائِشَةَ ـ رضى الله عنها ـ أَنَّ,"النَّبِيَّ صلى الله عليه وسلم دَخَلَ عَلَيْهَا وَحَاضَتْ بِسَرِفَ، قَبْلَ أَنْ تَدْخُلَ مَكَّةَ وَهْىَ تَبْكِي فَقَالَ ‏""‏ مَا لَكِ أَنَفِسْتِ ‏""‏‏.‏ قَالَتْ نَعَمْ‏.‏ قَالَ ‏""‏ إِنَّ هَذَا أَمْرٌ كَتَبَهُ اللَّهُ عَلَى بَنَاتِ آدَمَ، فَاقْضِي مَا يَقْضِي الْحَاجُّ غَيْرَ أَنْ لاَ تَطُوفِي بِالْبَيْتِ ‏""‏‏.‏ فَلَمَّا كُنَّا بِمِنًى أُتِيتُ بِلَحْمِ بَقَرٍ، فَقُلْتُ مَا هَذَا قَالُوا ضَحَّى رَسُولُ اللَّهِ صلى الله عليه وسلم عَنْ أَزْوَاجِهِ بِالْبَقَرِ‏.‏",nan,Sahih-Authentic,صحيح
73.0,Al-Adha Festival Sacrifice (Adaahi),كتاب الأضاحي,4.0,Meat is desired on the day of Nahr,مَا يُشْتَهَى مِنَ اللَّحْمِ يَوْمَ النَّحْرِ,5549.0,"Narrated Anas bin Malik: The Prophet (ﷺ) said on the day of Nahr, ""Whoever has slaughtered his sacrifice before the prayer, shouldrepeat it (slaughter another sacrifice)."" A man got up and said, ""O Allah's Messenger (ﷺ)! This is a day onwhich meat is desired."" He then mentioned his neighbors saying, ""I have a six month old ram which isto me better than the meat of two sheep."" The Prophet (ﷺ) allowed him to slaughter it as a sacrifice, but Ido not know whether this permission was valid for other than that man or not. The Prophet (ﷺ) then wenttowards two rams and slaughtered them, and then the people went towards some sheep and distributedthem among themselves.",Narrated Anas bin Malik:,"The Prophet (ﷺ) said on the day of Nahr, ""Whoever has slaughtered his sacrifice before the prayer, shouldrepeat it (slaughter another sacrifice)."" A man got up and said, ""O Allah's Messenger (ﷺ)! This is a day onwhich meat is desired."" He then mentioned his neighbors saying, ""I have a six month old ram which isto me better than the meat of two sheep."" The Prophet (ﷺ) allowed him to slaughter it as a sacrifice, but Ido not know whether this permission was valid for other than that man or not. The Prophet (ﷺ) then wenttowards two rams and slaughtered them, and then the people went towards some sheep and distributedthem among themselves.",حَدَّثَنَا صَدَقَةُ، أَخْبَرَنَا ابْنُ عُلَيَّةَ، عَنْ أَيُّوبَ، عَنِ ابْنِ سِيرِينَ، عَنْ أَنَسِ بْنِ مَالِكٍ، قَالَ قَالَ النَّبِيُّ صلى الله عليه وسلم يَوْمَ النَّحْرِ ‏ ‏ مَنْ كَانَ ذَبَحَ قَبْلَ الصَّلاَةِ فَلْيُعِدْ ‏‏‏.‏ فَقَامَ رَجُلٌ فَقَالَ يَا رَسُولَ اللَّهِ إِنَّ هَذَا يَوْمٌ يُشْتَهَى فِيهِ اللَّحْمُ ـ وَذَكَرَ جِيرَانَهُ ـ وَعِنْدِي جَذَعَةٌ خَيْرٌ مِنْ شَاتَىْ لَحْمٍ‏.‏ فَرَخَّصَ لَهُ فِي ذَلِكَ، فَلاَ أَدْرِي أَبَلَغَتِ الرُّخْصَةُ مَنْ سِوَاهُ أَمْ لاَ، ثُمَّ انْكَفَأَ النَّبِيُّ صلى الله عليه وسلم إِلَى كَبْشَيْنِ فَذَبَحَهُمَا، وَقَامَ النَّاسُ إِلَى غُنَيْمَةٍ فَتَوَزَّعُوهَا أَوْ قَالَ فَتَجَزَّعُوهَا‏.‏,حَدَّثَنَا صَدَقَةُ، أَخْبَرَنَا ابْنُ عُلَيَّةَ، عَنْ أَيُّوبَ، عَنِ ابْنِ سِيرِينَ، عَنْ أَنَسِ بْنِ مَالِكٍ، قَالَ,قَالَ النَّبِيُّ صلى الله عليه وسلم يَوْمَ النَّحْرِ ‏ ‏ مَنْ كَانَ ذَبَحَ قَبْلَ الصَّلاَةِ فَلْيُعِدْ ‏‏‏.‏ فَقَامَ رَجُلٌ فَقَالَ يَا رَسُولَ اللَّهِ إِنَّ هَذَا يَوْمٌ يُشْتَهَى فِيهِ اللَّحْمُ ـ وَذَكَرَ جِيرَانَهُ ـ وَعِنْدِي جَذَعَةٌ خَيْرٌ مِنْ شَاتَىْ لَحْمٍ‏.‏ فَرَخَّصَ لَهُ فِي ذَلِكَ، فَلاَ أَدْرِي أَبَلَغَتِ الرُّخْصَةُ مَنْ سِوَاهُ أَمْ لاَ، ثُمَّ انْكَفَأَ النَّبِيُّ صلى الله عليه وسلم إِلَى كَبْشَيْنِ فَذَبَحَهُمَا، وَقَامَ النَّاسُ إِلَى غُنَيْمَةٍ فَتَوَزَّعُوهَا أَوْ قَالَ فَتَجَزَّعُوهَا‏.‏,nan,Sahih-Authentic,صحيح
73.0,Al-Adha Festival Sacrifice (Adaahi),كتاب الأضاحي,5.0,Sacrifices on the day of Nahr,مَنْ قَالَ الأَضْحَى يَوْمَ النَّحْرِ,5550.0,"Narrated Abu Bakra: The Prophet (ﷺ) said, ""Time has come back to its original state which it had on the day Allah created theHeavens and the Earth. The year is twelve months, four of which are sacred, three of them are insuccession, namely Dhul-Qa'da, Dhul Hijja and Muharram, (the fourth being) Rajab Mudar which isbetween Juma'da (ath-thamj and Sha'ban. The Prophet (ﷺ) then asked, ""Which month is this?"" We said,""Allah and his Apostle know better."" He kept silent so long that we thought that he would call it by aname other than its real name. He said, ""Isn't it the month of Dhul-Hijja?"" We said, ""Yes."" He said,""Which town is this?"" We said, ""Allah and His Apostle know better."" He kept silent so long that wethought that he would call it t,y a name other than its real name. He said, ""isn't it the town (ofMecca)?"" We replied, ""Yes."" He said, ""What day is today?"" We replied, ""Allah and His Apostle knowbetter."" He kept silent so long that we thought that he would call it by a name other than its real name.He said, ""Isn't it the day of Nahr?"" We replied, ""Yes."" He then said, ""Your blood, properties and honorare as sacred to one another as this day of yours in this town of yours in this month of yours. You willmeet your Lord, and He will ask you about your deeds. Beware! Do not go astray after me by cuttingthe necks of each other. It is incumbent upon those who are present to convey this message to thosewho are absent, for some of those to whom it is conveyed may comprehend it better than some ofthose who have heard it directly."" (Muhammad, the sub-narrator, on mentioning this used to say: TheProphet then said, ""No doubt! Haven't I delivered (Allah's) Message (to you)? Haven't I deliveredAllah's message (to you)?""",Narrated Abu Bakra:,"The Prophet (ﷺ) said, ""Time has come back to its original state which it had on the day Allah created theHeavens and the Earth. The year is twelve months, four of which are sacred, three of them are insuccession, namely Dhul-Qa'da, Dhul Hijja and Muharram, (the fourth being) Rajab Mudar which isbetween Juma'da (ath-thamj and Sha'ban. The Prophet (ﷺ) then asked, ""Which month is this?"" We said,""Allah and his Apostle know better."" He kept silent so long that we thought that he would call it by aname other than its real name. He said, ""Isn't it the month of Dhul-Hijja?"" We said, ""Yes."" He said,""Which town is this?"" We said, ""Allah and His Apostle know better."" He kept silent so long that wethought that he would call it t,y a name other than its real name. He said, ""isn't it the town (ofMecca)?"" We replied, ""Yes."" He said, ""What day is today?"" We replied, ""Allah and His Apostle knowbetter."" He kept silent so long that we thought that he would call it by a name other than its real name.He said, ""Isn't it the day of Nahr?"" We replied, ""Yes."" He then said, ""Your blood, properties and honorare as sacred to one another as this day of yours in this town of yours in this month of yours. You willmeet your Lord, and He will ask you about your deeds. Beware! Do not go astray after me by cuttingthe necks of each other. It is incumbent upon those who are present to convey this message to thosewho are absent, for some of those to whom it is conveyed may comprehend it better than some ofthose who have heard it directly."" (Muhammad, the sub-narrator, on mentioning this used to say: TheProphet then said, ""No doubt! Haven't I delivered (Allah's) Message (to you)? Haven't I deliveredAllah's message (to you)?""","حَدَّثَنَا مُحَمَّدُ بْنُ سَلاَمٍ، حَدَّثَنَا عَبْدُ الْوَهَّابِ، حَدَّثَنَا أَيُّوبُ، عَنْ مُحَمَّدٍ، عَنِ ابْنِ أَبِي بَكْرَةَ، عَنْ أَبِي بَكْرَةَ ـ رضى الله عنه ـ عَنِ النَّبِيِّ صلى الله عليه وسلم قَالَ ‏""‏ الزَّمَانُ قَدِ اسْتَدَارَ كَهَيْئَتِهِ يَوْمَ خَلَقَ اللَّهُ السَّمَوَاتِ وَالأَرْضَ، السَّنَةُ اثْنَا عَشَرَ شَهْرًا، مِنْهَا أَرْبَعَةٌ حُرُمٌ، ثَلاَثٌ مُتَوَالِيَاتٌ ذُو الْقَعْدَةِ وَذُو الْحِجَّةِ وَالْمُحَرَّمُ، وَرَجَبُ مُضَرَ الَّذِي بَيْنَ جُمَادَى وَشَعْبَانَ، أَىُّ شَهْرٍ هَذَا ‏""‏‏.‏ قُلْنَا اللَّهُ وَرَسُولُهُ أَعْلَمُ‏.‏ فَسَكَتَ حَتَّى ظَنَنَّا أَنَّهُ سَيُسَمِّيهِ بِغَيْرِ اسْمِهِ، قَالَ ‏""‏ أَلَيْسَ ذَا الْحِجَّةِ ‏""‏‏.‏ قُلْنَا بَلَى‏.‏ قَالَ ‏""‏ أَىُّ بَلَدٍ هَذَا ‏""‏‏.‏ قُلْنَا اللَّهُ وَرَسُولُهُ أَعْلَمُ‏.‏ فَسَكَتَ حَتَّى ظَنَنَّا أَنَّهُ سَيُسَمِّيهِ بِغَيْرِ اسْمِهِ، قَالَ ‏""‏ أَلَيْسَ الْبَلْدَةَ ‏""‏‏.‏ قُلْنَا بَلَى‏.‏ قَالَ ‏""‏ فَأَىُّ يَوْمٍ هَذَا ‏""‏‏.‏ قُلْنَا اللَّهُ وَرَسُولُهُ أَعْلَمُ، فَسَكَتَ حَتَّى ظَنَنَّا أَنَّهُ سَيُسَمِّيهِ بِغَيْرِ اسْمِهِ قَالَ ‏""‏ أَلَيْسَ يَوْمَ النَّحْرِ ‏""‏‏.‏ قُلْنَا بَلَى‏.‏ قَالَ ‏""‏ فَإِنَّ دِمَاءَكُمْ وَأَمْوَالَكُمْ ـ قَالَ مُحَمَّدٌ وَأَحْسِبُهُ قَالَ ـ وَأَعْرَاضَكُمْ عَلَيْكُمْ حَرَامٌ كَحُرْمَةِ يَوْمِكُمْ هَذَا، فِي بَلَدِكُمْ هَذَا فِي شَهْرِكُمْ، وَسَتَلْقَوْنَ رَبَّكُمْ فَيَسْأَلُكُمْ عَنْ أَعْمَالِكُمْ، أَلاَ فَلاَ تَرْجِعُوا بَعْدِي ضُلاَّلاً، يَضْرِبُ بَعْضُكُمْ رِقَابَ بَعْضٍ، أَلاَ لِيُبَلِّغِ الشَّاهِدُ الْغَائِبَ، فَلَعَلَّ بَعْضَ مَنْ يَبْلُغُهُ أَنْ يَكُونَ أَوْعَى لَهُ مِنْ بَعْضِ مَنْ سَمِعَهُ ـ وَكَانَ مُحَمَّدٌ إِذَا ذَكَرَهُ قَالَ صَدَقَ النَّبِيُّ صلى الله عليه وسلم ثُمَّ قَالَ ـ أَلاَ هَلْ بَلَّغْتُ أَلاَ هَلْ بَلَّغْتُ ‏""‏‏.‏",حَدَّثَنَا مُحَمَّدُ بْنُ سَلاَمٍ، حَدَّثَنَا عَبْدُ الْوَهَّابِ، حَدَّثَنَا أَيُّوبُ، عَنْ مُحَمَّدٍ، عَنِ ابْنِ أَبِي بَكْرَةَ، عَنْ أَبِي بَكْرَةَ ـ رضى الله عنه ـ عَنِ,"النَّبِيِّ صلى الله عليه وسلم قَالَ ‏""‏ الزَّمَانُ قَدِ اسْتَدَارَ كَهَيْئَتِهِ يَوْمَ خَلَقَ اللَّهُ السَّمَوَاتِ وَالأَرْضَ، السَّنَةُ اثْنَا عَشَرَ شَهْرًا، مِنْهَا أَرْبَعَةٌ حُرُمٌ، ثَلاَثٌ مُتَوَالِيَاتٌ ذُو الْقَعْدَةِ وَذُو الْحِجَّةِ وَالْمُحَرَّمُ، وَرَجَبُ مُضَرَ الَّذِي بَيْنَ جُمَادَى وَشَعْبَانَ، أَىُّ شَهْرٍ هَذَا ‏""‏‏.‏ قُلْنَا اللَّهُ وَرَسُولُهُ أَعْلَمُ‏.‏ فَسَكَتَ حَتَّى ظَنَنَّا أَنَّهُ سَيُسَمِّيهِ بِغَيْرِ اسْمِهِ، قَالَ ‏""‏ أَلَيْسَ ذَا الْحِجَّةِ ‏""‏‏.‏ قُلْنَا بَلَى‏.‏ قَالَ ‏""‏ أَىُّ بَلَدٍ هَذَا ‏""‏‏.‏ قُلْنَا اللَّهُ وَرَسُولُهُ أَعْلَمُ‏.‏ فَسَكَتَ حَتَّى ظَنَنَّا أَنَّهُ سَيُسَمِّيهِ بِغَيْرِ اسْمِهِ، قَالَ ‏""‏ أَلَيْسَ الْبَلْدَةَ ‏""‏‏.‏ قُلْنَا بَلَى‏.‏ قَالَ ‏""‏ فَأَىُّ يَوْمٍ هَذَا ‏""‏‏.‏ قُلْنَا اللَّهُ وَرَسُولُهُ أَعْلَمُ، فَسَكَتَ حَتَّى ظَنَنَّا أَنَّهُ سَيُسَمِّيهِ بِغَيْرِ اسْمِهِ قَالَ ‏""‏ أَلَيْسَ يَوْمَ النَّحْرِ ‏""‏‏.‏ قُلْنَا بَلَى‏.‏ قَالَ ‏""‏ فَإِنَّ دِمَاءَكُمْ وَأَمْوَالَكُمْ ـ قَالَ مُحَمَّدٌ وَأَحْسِبُهُ قَالَ ـ وَأَعْرَاضَكُمْ عَلَيْكُمْ حَرَامٌ كَحُرْمَةِ يَوْمِكُمْ هَذَا، فِي بَلَدِكُمْ هَذَا فِي شَهْرِكُمْ، وَسَتَلْقَوْنَ رَبَّكُمْ فَيَسْأَلُكُمْ عَنْ أَعْمَالِكُمْ، أَلاَ فَلاَ تَرْجِعُوا بَعْدِي ضُلاَّلاً، يَضْرِبُ بَعْضُكُمْ رِقَابَ بَعْضٍ، أَلاَ لِيُبَلِّغِ الشَّاهِدُ الْغَائِبَ، فَلَعَلَّ بَعْضَ مَنْ يَبْلُغُهُ أَنْ يَكُونَ أَوْعَى لَهُ مِنْ بَعْضِ مَنْ سَمِعَهُ ـ وَكَانَ مُحَمَّدٌ إِذَا ذَكَرَهُ قَالَ صَدَقَ النَّبِيُّ صلى الله عليه وسلم ثُمَّ قَالَ ـ أَلاَ هَلْ بَلَّغْتُ أَلاَ هَلْ بَلَّغْتُ ‏""‏‏.‏",nan,Sahih-Authentic,صحيح
73.0,Al-Adha Festival Sacrifice (Adaahi),كتاب الأضاحي,6.0,Al-Adha and to slaughter sacrifices at the Musalla,الأَضْحَى وَالْمَنْحَرِ بِالْمُصَلَّى,5551.0,Narrated Nafi': Abdullah (bin 'Umar) used to slaughter his sacrifice at theslaughtering place (i.e the slaughtering place of the Prophet (ﷺ) ) .,Narrated Nafi':,Abdullah (bin 'Umar) used to slaughter his sacrifice at theslaughtering place (i.e the slaughtering place of the Prophet (ﷺ) ) .,حَدَّثَنَا مُحَمَّدُ بْنُ أَبِي بَكْرٍ الْمُقَدَّمِيُّ، حَدَّثَنَا خَالِدُ بْنُ الْحَارِثِ، حَدَّثَنَا عُبَيْدُ اللَّهِ، عَنْ نَافِعٍ، قَالَ كَانَ عَبْدُ اللَّهِ يَنْحَرُ فِي الْمَنْحَرِ‏.‏ قَالَ عُبَيْدُ اللَّهِ يَعْنِي مَنْحَرَ النَّبِيِّ صلى الله عليه وسلم‏.‏,حَدَّثَنَا مُحَمَّدُ بْنُ أَبِي بَكْرٍ الْمُقَدَّمِيُّ، حَدَّثَنَا خَالِدُ بْنُ الْحَارِثِ، حَدَّثَنَا عُبَيْدُ اللَّهِ، عَنْ نَافِعٍ، قَالَ,كَانَ عَبْدُ اللَّهِ يَنْحَرُ فِي الْمَنْحَرِ‏.‏ قَالَ عُبَيْدُ اللَّهِ يَعْنِي مَنْحَرَ النَّبِيِّ صلى الله عليه وسلم‏.‏,nan,Sahih-Authentic,صحيح
73.0,Al-Adha Festival Sacrifice (Adaahi),كتاب الأضاحي,6.0,Al-Adha and to slaughter sacrifices at the Musalla,الأَضْحَى وَالْمَنْحَرِ بِالْمُصَلَّى,5552.0,"Narrated Anas bin Malik: Ibn 'Umar said,""Allah's Messenger (ﷺ) used to slaughter (camels and sheep, etc.,) as sacrifices at the Musalla.""",Narrated Anas bin Malik:,"Ibn 'Umar said,""Allah's Messenger (ﷺ) used to slaughter (camels and sheep, etc.,) as sacrifices at the Musalla.""",حَدَّثَنَا يَحْيَى بْنُ بُكَيْرٍ، حَدَّثَنَا اللَّيْثُ، عَنْ كَثِيرِ بْنِ فَرْقَدٍ، عَنْ نَافِعٍ، أَنَّ ابْنَ عُمَرَ ـ رضى الله عنهما ـ أَخْبَرَهُ قَالَ كَانَ رَسُولُ اللَّهِ صلى الله عليه وسلم يَذْبَحُ وَيَنْحَرُ بِالْمُصَلَّى‏.‏,حَدَّثَنَا يَحْيَى بْنُ بُكَيْرٍ، حَدَّثَنَا اللَّيْثُ، عَنْ كَثِيرِ بْنِ فَرْقَدٍ، عَنْ نَافِعٍ، أَنَّ ابْنَ عُمَرَ ـ رضى الله عنهما ـ أَخْبَرَهُ قَالَ,كَانَ رَسُولُ اللَّهِ صلى الله عليه وسلم يَذْبَحُ وَيَنْحَرُ بِالْمُصَلَّى‏.‏,nan,Sahih-Authentic,صحيح
73.0,Al-Adha Festival Sacrifice (Adaahi),كتاب الأضاحي,7.0,The Prophet (saws) slaughtered two horned rams,فِي أُضْحِيَّةِ النَّبِيِّ صلى الله عليه وسلم بِكَبْشَيْنِ أَقْرَنَيْنِ وَيُذْكَرُ سَمِينَيْنِ,5553.0,"Narrated Anas bin Malik: The Prophet (ﷺ) used to offer two rams as sacrifices, and I also used to offer two rams.",Narrated Anas bin Malik:,"The Prophet (ﷺ) used to offer two rams as sacrifices, and I also used to offer two rams.",حَدَّثَنَا آدَمُ بْنُ أَبِي إِيَاسٍ، حَدَّثَنَا شُعْبَةُ، حَدَّثَنَا عَبْدُ الْعَزِيزِ بْنُ صُهَيْبٍ، قَالَ سَمِعْتُ أَنَسَ بْنَ مَالِكٍ ـ رضى الله عنه ـ قَالَ كَانَ النَّبِيُّ صلى الله عليه وسلم يُضَحِّي بِكَبْشَيْنِ وَأَنَا أُضَحِّي بِكَبْشَيْنِ‏.‏,حَدَّثَنَا آدَمُ بْنُ أَبِي إِيَاسٍ، حَدَّثَنَا شُعْبَةُ، حَدَّثَنَا عَبْدُ الْعَزِيزِ بْنُ صُهَيْبٍ، قَالَ سَمِعْتُ أَنَسَ بْنَ مَالِكٍ ـ رضى الله عنه ـ قَالَ,كَانَ النَّبِيُّ صلى الله عليه وسلم يُضَحِّي بِكَبْشَيْنِ وَأَنَا أُضَحِّي بِكَبْشَيْنِ‏.‏,nan,Sahih-Authentic,صحيح
73.0,Al-Adha Festival Sacrifice (Adaahi),كتاب الأضاحي,7.0,The Prophet (saws) slaughtered two horned rams,فِي أُضْحِيَّةِ النَّبِيِّ صلى الله عليه وسلم بِكَبْشَيْنِ أَقْرَنَيْنِ وَيُذْكَرُ سَمِينَيْنِ,5554.0,Narrated Anas: Allah's Messenger (ﷺ) came towards two horned rams having black and white colors and slaughtered themwith his own hands.,Narrated Anas:,Allah's Messenger (ﷺ) came towards two horned rams having black and white colors and slaughtered themwith his own hands.,حَدَّثَنَا قُتَيْبَةُ بْنُ سَعِيدٍ، حَدَّثَنَا عَبْدُ الْوَهَّابِ، عَنْ أَيُّوبَ، عَنْ أَبِي قِلاَبَةَ، عَنْ أَنَسٍ، أَنَّ رَسُولَ اللَّهِ صلى الله عليه وسلم انْكَفَأَ إِلَى كَبْشَيْنِ أَقْرَنَيْنِ أَمْلَحَيْنِ فَذَبَحَهُمَا بِيَدِهِ‏.‏ تَابَعَهُ وُهَيْبٌ عَنْ أَيُّوبَ‏.‏ وَقَالَ إِسْمَاعِيلُ وَحَاتِمُ بْنُ وَرْدَانَ عَنْ أَيُّوبَ عَنِ ابْنِ سِيرِينَ عَنْ أَنَسٍ‏.‏,حَدَّثَنَا قُتَيْبَةُ بْنُ سَعِيدٍ، حَدَّثَنَا عَبْدُ الْوَهَّابِ، عَنْ أَيُّوبَ، عَنْ أَبِي قِلاَبَةَ، عَنْ أَنَسٍ، أَنَّ,رَسُولَ اللَّهِ صلى الله عليه وسلم انْكَفَأَ إِلَى كَبْشَيْنِ أَقْرَنَيْنِ أَمْلَحَيْنِ فَذَبَحَهُمَا بِيَدِهِ‏.‏ تَابَعَهُ وُهَيْبٌ عَنْ أَيُّوبَ‏.‏ وَقَالَ إِسْمَاعِيلُ وَحَاتِمُ بْنُ وَرْدَانَ عَنْ أَيُّوبَ عَنِ ابْنِ سِيرِينَ عَنْ أَنَسٍ‏.‏,nan,Sahih-Authentic,صحيح
73.0,Al-Adha Festival Sacrifice (Adaahi),كتاب الأضاحي,7.0,The Prophet (saws) slaughtered two horned rams,فِي أُضْحِيَّةِ النَّبِيِّ صلى الله عليه وسلم بِكَبْشَيْنِ أَقْرَنَيْنِ وَيُذْكَرُ سَمِينَيْنِ,5555.0,"Narrated `Uqba bin 'Amir: that the Prophet (ﷺ) gave him some sheep to distribute among his companions to slaughter as sacrifices(`Id--al--Adha). A kid was left and he told the Prophet (ﷺ) of that whereupon he said to him, ""Slaughter itas a sacrifice (on your behalf).",Narrated `Uqba bin 'Amir:,"that the Prophet (ﷺ) gave him some sheep to distribute among his companions to slaughter as sacrifices(`Id--al--Adha). A kid was left and he told the Prophet (ﷺ) of that whereupon he said to him, ""Slaughter itas a sacrifice (on your behalf).",حَدَّثَنَا عَمْرُو بْنُ خَالِدٍ، حَدَّثَنَا اللَّيْثُ، عَنْ يَزِيدَ، عَنْ أَبِي الْخَيْرِ، عَنْ عُقْبَةَ بْنِ عَامِرٍ ـ رضى الله عنه أَنَّ النَّبِيَّ صلى الله عليه وسلم أَعْطَاهُ غَنَمًا يَقْسِمُهَا عَلَى صَحَابَتِهِ ضَحَايَا، فَبَقِيَ عَتُودٌ فَذَكَرَهُ لِلنَّبِيِّ صلى الله عليه وسلم فَقَالَ ‏ ‏ ضَحِّ أَنْتَ بِهِ ‏‏‏.‏,حَدَّثَنَا عَمْرُو بْنُ خَالِدٍ، حَدَّثَنَا اللَّيْثُ، عَنْ يَزِيدَ، عَنْ أَبِي الْخَيْرِ، عَنْ عُقْبَةَ بْنِ عَامِرٍ ـ رضى الله عنه أَنَّ,النَّبِيَّ صلى الله عليه وسلم أَعْطَاهُ غَنَمًا يَقْسِمُهَا عَلَى صَحَابَتِهِ ضَحَايَا، فَبَقِيَ عَتُودٌ فَذَكَرَهُ لِلنَّبِيِّ صلى الله عليه وسلم فَقَالَ ‏ ‏ ضَحِّ أَنْتَ بِهِ ‏‏‏.‏,nan,Sahih-Authentic,صحيح
73.0,Al-Adha Festival Sacrifice (Adaahi),كتاب الأضاحي,8.0," ""Slaughter a young goat as a sacrifice, but it will not be sufficient for anybody else after you.""",nan,5556.0,"Narrated Al-Bara' bin `Azib: An uncle of mine called Abu Burda, slaughtered his sacrifice before the `Id prayer. So Allah's Messenger (ﷺ)said to him, ""Your (slaughtered) sheep was just mutton (not a sacrifice)."" Abu Burda said, ""O Allah'sApostle! I have got a domestic kid."" The Prophet (ﷺ) said, ""Slaughter it (as a sacrifice) but it will not bepermissible for anybody other than you"" The Prophet (ﷺ) added, ""Whoever slaughtered his sacrificebefore the (`Id) prayer, he only slaughtered for himself, and whoever slaughtered it after the prayer,he offered his sacrifice properly and followed the tradition of the Muslims.""",Narrated Al-Bara' bin `Azib:,"An uncle of mine called Abu Burda, slaughtered his sacrifice before the `Id prayer. So Allah's Messenger (ﷺ)said to him, ""Your (slaughtered) sheep was just mutton (not a sacrifice)."" Abu Burda said, ""O Allah'sApostle! I have got a domestic kid."" The Prophet (ﷺ) said, ""Slaughter it (as a sacrifice) but it will not bepermissible for anybody other than you"" The Prophet (ﷺ) added, ""Whoever slaughtered his sacrificebefore the (`Id) prayer, he only slaughtered for himself, and whoever slaughtered it after the prayer,he offered his sacrifice properly and followed the tradition of the Muslims.""","حَدَّثَنَا مُسَدَّدٌ، حَدَّثَنَا خَالِدُ بْنُ عَبْدِ اللَّهِ، حَدَّثَنَا مُطَرِّفٌ، عَنْ عَامِرٍ، عَنِ الْبَرَاءِ بْنِ عَازِبٍ ـ رضى الله عنهما ـ قَالَ ضَحَّى خَالٌ لِي يُقَالُ لَهُ أَبُو بُرْدَةَ قَبْلَ الصَّلاَةِ، فَقَالَ لَهُ رَسُولُ اللَّهِ صلى الله عليه وسلم ‏""‏ شَاتُكَ شَاةُ لَحْمٍ ‏""‏‏.‏ فَقَالَ يَا رَسُولَ اللَّهِ إِنَّ عِنْدِي دَاجِنًا جَذَعَةً مِنَ الْمَعَزِ‏.‏ قَالَ ‏""‏ اذْبَحْهَا وَلَنْ تَصْلُحَ لِغَيْرِكَ ‏""‏‏.‏ ثُمَّ قَالَ ‏""‏ مَنْ ذَبَحَ قَبْلَ الصَّلاَةِ فَإِنَّمَا يَذْبَحُ لِنَفْسِهِ، وَمَنْ ذَبَحَ بَعْدَ الصَّلاَةِ فَقَدْ تَمَّ نُسُكُهُ، وَأَصَابَ سُنَّةَ الْمُسْلِمِينَ ‏""‏‏.‏ تَابَعَهُ عُبَيْدَةُ عَنِ الشَّعْبِيِّ وَإِبْرَاهِيمَ‏.‏ وَتَابَعَهُ وَكِيعٌ عَنْ حُرَيْثٍ عَنِ الشَّعْبِيِّ‏.‏ وَقَالَ عَاصِمٌ وَدَاوُدُ عَنِ الشَّعْبِيِّ عِنْدِي عَنَاقُ لَبَنٍ‏.‏ وَقَالَ زُبَيْدٌ وَفِرَاسٌ عَنِ الشَّعْبِيِّ عِنْدِي جَذَعَةٌ‏.‏ وَقَالَ أَبُو الأَحْوَصِ حَدَّثَنَا مَنْصُورٌ عَنَاقٌ جَذَعَةٌ‏.‏ وَقَالَ ابْنُ عَوْنٍ عَنَاقٌ جَذَعٌ، عَنَاقُ لَبَنٍ‏.‏",حَدَّثَنَا مُسَدَّدٌ، حَدَّثَنَا خَالِدُ بْنُ عَبْدِ اللَّهِ، حَدَّثَنَا مُطَرِّفٌ، عَنْ عَامِرٍ، عَنِ الْبَرَاءِ بْنِ عَازِبٍ ـ رضى الله عنهما ـ قَالَ,"ضَحَّى خَالٌ لِي يُقَالُ لَهُ أَبُو بُرْدَةَ قَبْلَ الصَّلاَةِ، فَقَالَ لَهُ رَسُولُ اللَّهِ صلى الله عليه وسلم ‏""‏ شَاتُكَ شَاةُ لَحْمٍ ‏""‏‏.‏ فَقَالَ يَا رَسُولَ اللَّهِ إِنَّ عِنْدِي دَاجِنًا جَذَعَةً مِنَ الْمَعَزِ‏.‏ قَالَ ‏""‏ اذْبَحْهَا وَلَنْ تَصْلُحَ لِغَيْرِكَ ‏""‏‏.‏ ثُمَّ قَالَ ‏""‏ مَنْ ذَبَحَ قَبْلَ الصَّلاَةِ فَإِنَّمَا يَذْبَحُ لِنَفْسِهِ، وَمَنْ ذَبَحَ بَعْدَ الصَّلاَةِ فَقَدْ تَمَّ نُسُكُهُ، وَأَصَابَ سُنَّةَ الْمُسْلِمِينَ ‏""‏‏.‏ تَابَعَهُ عُبَيْدَةُ عَنِ الشَّعْبِيِّ وَإِبْرَاهِيمَ‏.‏ وَتَابَعَهُ وَكِيعٌ عَنْ حُرَيْثٍ عَنِ الشَّعْبِيِّ‏.‏ وَقَالَ عَاصِمٌ وَدَاوُدُ عَنِ الشَّعْبِيِّ عِنْدِي عَنَاقُ لَبَنٍ‏.‏ وَقَالَ زُبَيْدٌ وَفِرَاسٌ عَنِ الشَّعْبِيِّ عِنْدِي جَذَعَةٌ‏.‏ وَقَالَ أَبُو الأَحْوَصِ حَدَّثَنَا مَنْصُورٌ عَنَاقٌ جَذَعَةٌ‏.‏ وَقَالَ ابْنُ عَوْنٍ عَنَاقٌ جَذَعٌ، عَنَاقُ لَبَنٍ‏.‏",nan,Sahih-Authentic,صحيح
73.0,Al-Adha Festival Sacrifice (Adaahi),كتاب الأضاحي,8.0," ""Slaughter a young goat as a sacrifice, but it will not be sufficient for anybody else after you.""",قَوْلِ النَّبِيِّ صَلَّى اللَّهُ عَلَيْهِ وَسَلَّمَ لأَبِي بُرْدَةَ: «ضَحِّ بِالْجَذَعِ مِنَ الْمَعَزِ وَلَنْ تَجْزِيَ عَنْ أَحَدٍ بَعْدَكَ»,5557.0,"Narrated Al-Bara': Abu Burda slaughtered (the sacrifice) before the (`Id) prayer whereupon the Prophet (ﷺ) said to him,""Slaughter another sacrifice instead of that."" Abu Burda said, ""I have nothing except a Jadha'a.""(Shu`ba said: Perhaps Abu Burda also said that Jadha'a was better than an old sheep in his opinion.)The Prophet (ﷺ) said, ""(Never mind), slaughter it to make up for the other one, but it will not be sufficientfor anyone else after you.""",Narrated Al-Bara':,"Abu Burda slaughtered (the sacrifice) before the (`Id) prayer whereupon the Prophet (ﷺ) said to him,""Slaughter another sacrifice instead of that."" Abu Burda said, ""I have nothing except a Jadha'a.""(Shu`ba said: Perhaps Abu Burda also said that Jadha'a was better than an old sheep in his opinion.)The Prophet (ﷺ) said, ""(Never mind), slaughter it to make up for the other one, but it will not be sufficientfor anyone else after you.""","حَدَّثَنَا مُحَمَّدُ بْنُ بَشَّارٍ، حَدَّثَنَا مُحَمَّدُ بْنُ جَعْفَرٍ، حَدَّثَنَا شُعْبَةُ، عَنْ سَلَمَةَ، عَنْ أَبِي جُحَيْفَةَ، عَنِ الْبَرَاءِ، قَالَ ذَبَحَ أَبُو بُرْدَةَ قَبْلَ الصَّلاَةِ فَقَالَ لَهُ النَّبِيُّ صلى الله عليه وسلم ‏""‏ أَبْدِلْهَا ‏""‏‏.‏ قَالَ لَيْسَ عِنْدِي إِلاَّ جَذَعَةٌ ـ قَالَ شُعْبَةُ وَأَحْسِبُهُ قَالَ ـ هِيَ خَيْرٌ مِنْ مُسِنَّةٍ‏.‏ قَالَ ‏""‏ اجْعَلْهَا مَكَانَهَا، وَلَنْ تَجْزِيَ عَنْ أَحَدٍ بَعْدَكَ ‏""‏‏.‏",حَدَّثَنَا مُحَمَّدُ بْنُ بَشَّارٍ، حَدَّثَنَا مُحَمَّدُ بْنُ جَعْفَرٍ، حَدَّثَنَا شُعْبَةُ، عَنْ سَلَمَةَ، عَنْ أَبِي جُحَيْفَةَ، عَنِ الْبَرَاءِ،,"قَالَ ذَبَحَ أَبُو بُرْدَةَ قَبْلَ الصَّلاَةِ فَقَالَ لَهُ النَّبِيُّ صلى الله عليه وسلم ‏""‏ أَبْدِلْهَا ‏""‏‏.‏ قَالَ لَيْسَ عِنْدِي إِلاَّ جَذَعَةٌ ـ قَالَ شُعْبَةُ وَأَحْسِبُهُ قَالَ ـ هِيَ خَيْرٌ مِنْ مُسِنَّةٍ‏.‏ قَالَ ‏""‏ اجْعَلْهَا مَكَانَهَا، وَلَنْ تَجْزِيَ عَنْ أَحَدٍ بَعْدَكَ ‏""‏‏.‏",وَقَالَ حَاتِمُ بْنُ وَرْدَانَ عَنْ أَيُّوبَ، عَنْ مُحَمَّدٍ، عَنْ أَنَسٍ، عَنِ النَّبِيِّ صلى الله عليه وسلم وَقَالَ عَنَاقٌ جَذَعَةٌ‏.‏,Sahih-Authentic,صحيح
73.0,Al-Adha Festival Sacrifice (Adaahi),كتاب الأضاحي,9.0,Slaughtering the sacrifice with own hands.,مَنْ ذَبَحَ الأَضَاحِيَّ بِيَدِهِ,5558.0,"Narrated Anas: The Prophet (ﷺ) slaughtered two rams, black and white in color (as sacrifices), and I saw him putting hisfoot on their sides and mentioning Allah's Name and Takbir (Allahu Akbar). Then he slaughteredthem with his own hands.",Narrated Anas:,"The Prophet (ﷺ) slaughtered two rams, black and white in color (as sacrifices), and I saw him putting hisfoot on their sides and mentioning Allah's Name and Takbir (Allahu Akbar). Then he slaughteredthem with his own hands.",حَدَّثَنَا آدَمُ بْنُ أَبِي إِيَاسٍ، حَدَّثَنَا شُعْبَةُ، حَدَّثَنَا قَتَادَةُ، عَنْ أَنَسٍ، قَالَ ضَحَّى النَّبِيُّ صلى الله عليه وسلم بِكَبْشَيْنِ أَمْلَحَيْنِ، فَرَأَيْتُهُ وَاضِعًا قَدَمَهُ عَلَى صِفَاحِهِمَا يُسَمِّي وَيُكَبِّرُ، فَذَبَحَهُمَا بِيَدِهِ‏.‏,حَدَّثَنَا آدَمُ بْنُ أَبِي إِيَاسٍ، حَدَّثَنَا شُعْبَةُ، حَدَّثَنَا قَتَادَةُ، عَنْ أَنَسٍ، قَالَ,ضَحَّى النَّبِيُّ صلى الله عليه وسلم بِكَبْشَيْنِ أَمْلَحَيْنِ، فَرَأَيْتُهُ وَاضِعًا قَدَمَهُ عَلَى صِفَاحِهِمَا يُسَمِّي وَيُكَبِّرُ، فَذَبَحَهُمَا بِيَدِهِ‏.‏,nan,Sahih-Authentic,صحيح
73.0,Al-Adha Festival Sacrifice (Adaahi),كتاب الأضاحي,10.0,Slaughtering the sacrifices on behalf of others.,مَنْ ذَبَحَ ضَحِيَّةَ غَيْرِهِ,5559.0,"Narrated `Aisha: Allah's Messenger (ﷺ) entered upon me at Sarif while I was weeping (because I was afraid that I would notbe able to perform the ,Hajj). He said, ""What is wrong with you? Have you got your period?"" Ireplied, ""Yes."" He said, ""This is a matter Allah has decreed for all the daughters of Adam, so performthe ceremonies of the Hajj as the pilgrims do, but do not perform the Tawaf around the Ka`ba.""Allah's Messenger (ﷺ) slaughtered some cows as sacrifices on behalf of his wives.",Narrated `Aisha:,"Allah's Messenger (ﷺ) entered upon me at Sarif while I was weeping (because I was afraid that I would notbe able to perform the ,Hajj). He said, ""What is wrong with you? Have you got your period?"" Ireplied, ""Yes."" He said, ""This is a matter Allah has decreed for all the daughters of Adam, so performthe ceremonies of the Hajj as the pilgrims do, but do not perform the Tawaf around the Ka`ba.""Allah's Messenger (ﷺ) slaughtered some cows as sacrifices on behalf of his wives.","حَدَّثَنَا قُتَيْبَةُ، حَدَّثَنَا سُفْيَانُ، عَنْ عَبْدِ الرَّحْمَنِ بْنِ الْقَاسِمِ، عَنْ أَبِيهِ، عَنْ عَائِشَةَ ـ رضى الله عنها ـ قَالَتْ دَخَلَ عَلَىَّ رَسُولُ اللَّهِ صلى الله عليه وسلم بِسَرِفَ وَأَنَا أَبْكِي، فَقَالَ ‏""‏ مَا لَكِ أَنَفِسْتِ ‏""‏‏.‏ قُلْتُ نَعَمْ‏.‏ قَالَ ‏""‏ هَذَا أَمْرٌ كَتَبَهُ اللَّهُ عَلَى بَنَاتِ آدَمَ اقْضِي مَا يَقْضِي الْحَاجُّ غَيْرَ أَنْ لاَ تَطُوفِي بِالْبَيْتِ ‏""‏‏.‏ وَضَحَّى رَسُولُ اللَّهِ صلى الله عليه وسلم عَنْ نِسَائِهِ بِالْبَقَرِ‏.‏",حَدَّثَنَا قُتَيْبَةُ، حَدَّثَنَا سُفْيَانُ، عَنْ عَبْدِ الرَّحْمَنِ بْنِ الْقَاسِمِ، عَنْ أَبِيهِ، عَنْ عَائِشَةَ ـ رضى الله عنها ـ,"قَالَتْ دَخَلَ عَلَىَّ رَسُولُ اللَّهِ صلى الله عليه وسلم بِسَرِفَ وَأَنَا أَبْكِي، فَقَالَ ‏""‏ مَا لَكِ أَنَفِسْتِ ‏""‏‏.‏ قُلْتُ نَعَمْ‏.‏ قَالَ ‏""‏ هَذَا أَمْرٌ كَتَبَهُ اللَّهُ عَلَى بَنَاتِ آدَمَ اقْضِي مَا يَقْضِي الْحَاجُّ غَيْرَ أَنْ لاَ تَطُوفِي بِالْبَيْتِ ‏""‏‏.‏ وَضَحَّى رَسُولُ اللَّهِ صلى الله عليه وسلم عَنْ نِسَائِهِ بِالْبَقَرِ‏.‏",nan,Sahih-Authentic,صحيح
73.0,Al-Adha Festival Sacrifice (Adaahi),كتاب الأضاحي,11.0,To slaughter the sacrifice after the ('Eid) Salat,الذَّبْحِ بَعْدَ الصَّلاَةِ,5560.0,"Narrated Al-Bara': I heard the Prophet (ﷺ) delivering a sermon, and he said (on the Day of `Id-Allah. a), ""The first thing wewill do on this day of ours is that we will offer the `Id prayer, then we will return and slaughter oursacrifices; and whoever does so, then indeed he has followed our tradition, and whoever slaughteredhis sacrifice (before the prayer), what he offered was just meat that he presented to his family, and thatwas not a sacrifice."" Abu Burda got up and said, ""O Allah's Messenger (ﷺ)! I slaughtered the sacrifice beforethe prayer and I have got a Jadha'a which is better than an old sheep."" The Prophet (ﷺ) said, ""Slaughter itto make up for that, but it will not be sufficient for anybody else after you.""",Narrated Al-Bara':,"I heard the Prophet (ﷺ) delivering a sermon, and he said (on the Day of `Id-Allah. a), ""The first thing wewill do on this day of ours is that we will offer the `Id prayer, then we will return and slaughter oursacrifices; and whoever does so, then indeed he has followed our tradition, and whoever slaughteredhis sacrifice (before the prayer), what he offered was just meat that he presented to his family, and thatwas not a sacrifice."" Abu Burda got up and said, ""O Allah's Messenger (ﷺ)! I slaughtered the sacrifice beforethe prayer and I have got a Jadha'a which is better than an old sheep."" The Prophet (ﷺ) said, ""Slaughter itto make up for that, but it will not be sufficient for anybody else after you.""","حَدَّثَنَا حَجَّاجُ بْنُ الْمِنْهَالِ، حَدَّثَنَا شُعْبَةُ، قَالَ أَخْبَرَنِي زُبَيْدٌ، قَالَ سَمِعْتُ الشَّعْبِيَّ، عَنِ الْبَرَاءِ ـ رضى الله عنه ـ قَالَ سَمِعْتُ النَّبِيَّ صلى الله عليه وسلم يَخْطُبُ فَقَالَ ‏""‏ إِنَّ أَوَّلَ مَا نَبْدَأُ مِنْ يَوْمِنَا هَذَا أَنْ نُصَلِّيَ، ثُمَّ نَرْجِعَ فَنَنْحَرَ، فَمَنْ فَعَلَ هَذَا فَقَدْ أَصَابَ سُنَّتَنَا، وَمَنْ نَحَرَ فَإِنَّمَا هُوَ لَحْمٌ يُقَدِّمُهُ لأَهْلِهِ، لَيْسَ مِنَ النُّسُكِ فِي شَىْءٍ ‏""‏‏.‏ فَقَالَ أَبُو بُرْدَةَ يَا رَسُولَ اللَّهِ ذَبَحْتُ قَبْلَ أَنْ أُصَلِّيَ، وَعِنْدِي جَذَعَةٌ خَيْرٌ مِنْ مُسِنَّةٍ‏.‏ فَقَالَ ‏""‏ اجْعَلْهَا مَكَانَهَا، وَلَنْ تَجْزِيَ أَوْ تُوفِيَ عَنْ أَحَدٍ بَعْدَكَ ‏""‏‏.‏",حَدَّثَنَا حَجَّاجُ بْنُ الْمِنْهَالِ، حَدَّثَنَا شُعْبَةُ، قَالَ أَخْبَرَنِي زُبَيْدٌ، قَالَ سَمِعْتُ الشَّعْبِيَّ، عَنِ الْبَرَاءِ ـ رضى الله عنه ـ قَالَ سَمِعْتُ,"النَّبِيَّ صلى الله عليه وسلم يَخْطُبُ فَقَالَ ‏""‏ إِنَّ أَوَّلَ مَا نَبْدَأُ مِنْ يَوْمِنَا هَذَا أَنْ نُصَلِّيَ، ثُمَّ نَرْجِعَ فَنَنْحَرَ، فَمَنْ فَعَلَ هَذَا فَقَدْ أَصَابَ سُنَّتَنَا، وَمَنْ نَحَرَ فَإِنَّمَا هُوَ لَحْمٌ يُقَدِّمُهُ لأَهْلِهِ، لَيْسَ مِنَ النُّسُكِ فِي شَىْءٍ ‏""‏‏.‏ فَقَالَ أَبُو بُرْدَةَ يَا رَسُولَ اللَّهِ ذَبَحْتُ قَبْلَ أَنْ أُصَلِّيَ، وَعِنْدِي جَذَعَةٌ خَيْرٌ مِنْ مُسِنَّةٍ‏.‏ فَقَالَ ‏""‏ اجْعَلْهَا مَكَانَهَا، وَلَنْ تَجْزِيَ أَوْ تُوفِيَ عَنْ أَحَدٍ بَعْدَكَ ‏""‏‏.‏",nan,Sahih-Authentic,صحيح
73.0,Al-Adha Festival Sacrifice (Adaahi),كتاب الأضاحي,12.0,Whoever slaughters his sacrifice before the 'Eid prayer should repeat it,مَنْ ذَبَحَ قَبْلَ الصَّلاَةِ أَعَادَ,5561.0,"Narrated Anas: The Prophet (ﷺ) said, ""Whoever slaughtered the sacrifice before the `Id prayer, should repeat it (slaughteranother one)."" A man said ""This is the day on which meat is desired."" Then he mentioned the need ofhis neighbors (for meat) and the Prophet (ﷺ) seemed to accept his excuse. The man said, ""I have a Jadha'awhich is to me better than two sheep."" The Prophet (ﷺ) allowed him (to slaughter it as a sacrifice). But Ido not know whether this permission was general for all Muslims or not. The Prophet (ﷺ) then wenttowards two rams and slaughtered them, and the people went towards their sheep and slaughteredthem.",Narrated Anas:,"The Prophet (ﷺ) said, ""Whoever slaughtered the sacrifice before the `Id prayer, should repeat it (slaughteranother one)."" A man said ""This is the day on which meat is desired."" Then he mentioned the need ofhis neighbors (for meat) and the Prophet (ﷺ) seemed to accept his excuse. The man said, ""I have a Jadha'awhich is to me better than two sheep."" The Prophet (ﷺ) allowed him (to slaughter it as a sacrifice). But Ido not know whether this permission was general for all Muslims or not. The Prophet (ﷺ) then wenttowards two rams and slaughtered them, and the people went towards their sheep and slaughteredthem.",حَدَّثَنَا عَلِيُّ بْنُ عَبْدِ اللَّهِ، حَدَّثَنَا إِسْمَاعِيلُ بْنُ إِبْرَاهِيمَ، عَنْ أَيُّوبَ، عَنْ مُحَمَّدٍ، عَنْ أَنَسٍ، عَنِ النَّبِيِّ صلى الله عليه وسلم قَالَ ‏ ‏ مَنْ ذَبَحَ قَبْلَ الصَّلاَةِ فَلْيُعِدْ ‏‏‏.‏ فَقَالَ رَجُلٌ هَذَا يَوْمٌ يُشْتَهَى فِيهِ اللَّحْمُ ـ وَذَكَرَ مِنْ جِيرَانِهِ فَكَأَنَّ النَّبِيَّ صلى الله عليه وسلم عَذَرَهُ ـ وَعِنْدِي جَذَعَةٌ خَيْرٌ مِنْ شَاتَيْنِ فَرَخَّصَ لَهُ النَّبِيُّ صلى الله عليه وسلم فَلاَ أَدْرِي بَلَغَتِ الرُّخْصَةُ أَمْ لاَ، ثُمَّ انْكَفَأَ إِلَى كَبْشَيْنِ ـ يَعْنِي فَذَبَحَهُمَا ـ ثُمَّ انْكَفَأَ النَّاسُ إِلَى غُنَيْمَةٍ فَذَبَحُوهَا‏.‏,حَدَّثَنَا عَلِيُّ بْنُ عَبْدِ اللَّهِ، حَدَّثَنَا إِسْمَاعِيلُ بْنُ إِبْرَاهِيمَ، عَنْ أَيُّوبَ، عَنْ مُحَمَّدٍ، عَنْ أَنَسٍ، عَنِ,النَّبِيِّ صلى الله عليه وسلم قَالَ ‏ ‏ مَنْ ذَبَحَ قَبْلَ الصَّلاَةِ فَلْيُعِدْ ‏‏‏.‏ فَقَالَ رَجُلٌ هَذَا يَوْمٌ يُشْتَهَى فِيهِ اللَّحْمُ ـ وَذَكَرَ مِنْ جِيرَانِهِ فَكَأَنَّ النَّبِيَّ صلى الله عليه وسلم عَذَرَهُ ـ وَعِنْدِي جَذَعَةٌ خَيْرٌ مِنْ شَاتَيْنِ فَرَخَّصَ لَهُ النَّبِيُّ صلى الله عليه وسلم فَلاَ أَدْرِي بَلَغَتِ الرُّخْصَةُ أَمْ لاَ، ثُمَّ انْكَفَأَ إِلَى كَبْشَيْنِ ـ يَعْنِي فَذَبَحَهُمَا ـ ثُمَّ انْكَفَأَ النَّاسُ إِلَى غُنَيْمَةٍ فَذَبَحُوهَا‏.‏,nan,Sahih-Authentic,صحيح
73.0,Al-Adha Festival Sacrifice (Adaahi),كتاب الأضاحي,12.0,Whoever slaughters his sacrifice before the 'Eid prayer should repeat it,مَنْ ذَبَحَ قَبْلَ الصَّلاَةِ أَعَادَ,5562.0,"Narrated Jundab bin Sufyan Al-Bajali: I witnessed the Prophet (ﷺ) on the Day of Nahr. He said, ""Whoever slaughtered the sacrifice beforeoffering the `Id prayer, should slaughter another sacrifice in its place; and whoever has not slaughteredtheir sacrifice yet, should slaughter now.""",Narrated Jundab bin Sufyan Al-Bajali:,"I witnessed the Prophet (ﷺ) on the Day of Nahr. He said, ""Whoever slaughtered the sacrifice beforeoffering the `Id prayer, should slaughter another sacrifice in its place; and whoever has not slaughteredtheir sacrifice yet, should slaughter now.""",حَدَّثَنَا آدَمُ، حَدَّثَنَا شُعْبَةُ، حَدَّثَنَا الأَسْوَدُ بْنُ قَيْسٍ، سَمِعْتُ جُنْدَبَ بْنَ سُفْيَانَ الْبَجَلِيَّ، قَالَ شَهِدْتُ النَّبِيَّ صلى الله عليه وسلم يَوْمَ النَّحْرِ فَقَالَ ‏ ‏ مَنْ ذَبَحَ قَبْلَ أَنْ يُصَلِّيَ فَلْيُعِدْ مَكَانَهَا أُخْرَى، وَمَنْ لَمْ يَذْبَحْ فَلْيَذْبَحْ ‏‏‏.‏,حَدَّثَنَا آدَمُ، حَدَّثَنَا شُعْبَةُ، حَدَّثَنَا الأَسْوَدُ بْنُ قَيْسٍ، سَمِعْتُ جُنْدَبَ بْنَ سُفْيَانَ الْبَجَلِيَّ، قَالَ,شَهِدْتُ النَّبِيَّ صلى الله عليه وسلم يَوْمَ النَّحْرِ فَقَالَ ‏ ‏ مَنْ ذَبَحَ قَبْلَ أَنْ يُصَلِّيَ فَلْيُعِدْ مَكَانَهَا أُخْرَى، وَمَنْ لَمْ يَذْبَحْ فَلْيَذْبَحْ ‏‏‏.‏,nan,Sahih-Authentic,صحيح
73.0,Al-Adha Festival Sacrifice (Adaahi),كتاب الأضاحي,12.0,Whoever slaughters his sacrifice before the 'Eid prayer should repeat it,مَنْ ذَبَحَ قَبْلَ الصَّلاَةِ أَعَادَ,5563.0,"Narrated Al-Bara': One day Allah's Messenger (ﷺ) offered the `Id prayer and said, ""Whoever offers our prayer and faces ourQibla should not slaughter the sacrifice till he finishes the `Id prayer."" Abu Burda bin Niyar got upand said, ""O Allah's Messenger (ﷺ)! I have already done it. The Prophet (ﷺ) said, ""That is something you havedone before its due time."" Abu Burda said, ""I have a Jadha'a which is better than two old sheep; shall Islaughter it?"" The Prophet (ﷺ) said, ""Yes, but it will not be sufficient for anyone after you.""",Narrated Al-Bara':,"One day Allah's Messenger (ﷺ) offered the `Id prayer and said, ""Whoever offers our prayer and faces ourQibla should not slaughter the sacrifice till he finishes the `Id prayer."" Abu Burda bin Niyar got upand said, ""O Allah's Messenger (ﷺ)! I have already done it. The Prophet (ﷺ) said, ""That is something you havedone before its due time."" Abu Burda said, ""I have a Jadha'a which is better than two old sheep; shall Islaughter it?"" The Prophet (ﷺ) said, ""Yes, but it will not be sufficient for anyone after you.""","حَدَّثَنَا مُوسَى بْنُ إِسْمَاعِيلَ، حَدَّثَنَا أَبُو عَوَانَةَ، عَنْ فِرَاسٍ، عَنْ عَامِرٍ، عَنِ الْبَرَاءِ، قَالَ صَلَّى رَسُولُ اللَّهِ صلى الله عليه وسلم ذَاتَ يَوْمٍ، فَقَالَ ‏""‏ مَنْ صَلَّى صَلاَتَنَا وَاسْتَقْبَلَ قِبْلَتَنَا، فَلاَ يَذْبَحْ حَتَّى يَنْصَرِفَ ‏""‏‏.‏ فَقَامَ أَبُو بُرْدَةَ بْنُ نِيَارٍ فَقَالَ يَا رَسُولَ اللَّهِ فَعَلْتُ‏.‏ فَقَالَ ‏""‏ هُوَ شَىْءٌ عَجَّلْتَهُ ‏""‏‏.‏ قَالَ فَإِنَّ عِنْدِي جَذَعَةً هِيَ خَيْرٌ مِنْ مُسِنَّتَيْنِ آذْبَحُهَا قَالَ ‏""‏ نَعَمْ، ثُمَّ لاَ تَجْزِي عَنْ أَحَدٍ بَعْدَكَ ‏""‏‏.‏ قَالَ عَامِرٌ هِيَ خَيْرُ نَسِيكَتِهِ‏.‏",حَدَّثَنَا مُوسَى بْنُ إِسْمَاعِيلَ، حَدَّثَنَا أَبُو عَوَانَةَ، عَنْ فِرَاسٍ، عَنْ عَامِرٍ، عَنِ الْبَرَاءِ، قَالَ,"صَلَّى رَسُولُ اللَّهِ صلى الله عليه وسلم ذَاتَ يَوْمٍ، فَقَالَ ‏""‏ مَنْ صَلَّى صَلاَتَنَا وَاسْتَقْبَلَ قِبْلَتَنَا، فَلاَ يَذْبَحْ حَتَّى يَنْصَرِفَ ‏""‏‏.‏ فَقَامَ أَبُو بُرْدَةَ بْنُ نِيَارٍ فَقَالَ يَا رَسُولَ اللَّهِ فَعَلْتُ‏.‏ فَقَالَ ‏""‏ هُوَ شَىْءٌ عَجَّلْتَهُ ‏""‏‏.‏ قَالَ فَإِنَّ عِنْدِي جَذَعَةً هِيَ خَيْرٌ مِنْ مُسِنَّتَيْنِ آذْبَحُهَا قَالَ ‏""‏ نَعَمْ، ثُمَّ لاَ تَجْزِي عَنْ أَحَدٍ بَعْدَكَ ‏""‏‏.‏ قَالَ عَامِرٌ هِيَ خَيْرُ نَسِيكَتِهِ‏.‏",nan,Sahih-Authentic,صحيح
73.0,Al-Adha Festival Sacrifice (Adaahi),كتاب الأضاحي,13.0,To put one's foot on the side of the animal at the time of slaughtering,وَضْعِ الْقَدَمِ عَلَى صَفْحِ الذَّبِيحَةِ,5564.0,"Narrated Anas: The Prophet (ﷺ) used to offer as sacrifices, two horned rams, black and white in color, and used to put hisfoot on their sides and slaughter them with his own hands.",Narrated Anas:,"The Prophet (ﷺ) used to offer as sacrifices, two horned rams, black and white in color, and used to put hisfoot on their sides and slaughter them with his own hands.",حَدَّثَنَا حَجَّاجُ بْنُ مِنْهَالٍ، حَدَّثَنَا هَمَّامٌ، عَنْ قَتَادَةَ، حَدَّثَنَا أَنَسٌ ـ رضى الله عنه ـ أَنَّ النَّبِيَّ صلى الله عليه وسلم كَانَ يُضَحِّي بِكَبْشَيْنِ أَمْلَحَيْنِ أَقْرَنَيْنِ، وَوَضَعَ رِجْلَهُ عَلَى صَفْحَتِهِمَا، وَيَذْبَحُهُمَا بِيَدِهِ‏.‏,حَدَّثَنَا حَجَّاجُ بْنُ مِنْهَالٍ، حَدَّثَنَا هَمَّامٌ، عَنْ قَتَادَةَ، حَدَّثَنَا أَنَسٌ ـ رضى الله عنه ـ أَنَّ,النَّبِيَّ صلى الله عليه وسلم كَانَ يُضَحِّي بِكَبْشَيْنِ أَمْلَحَيْنِ أَقْرَنَيْنِ، وَوَضَعَ رِجْلَهُ عَلَى صَفْحَتِهِمَا، وَيَذْبَحُهُمَا بِيَدِهِ‏.‏,nan,Sahih-Authentic,صحيح
73.0,Al-Adha Festival Sacrifice (Adaahi),كتاب الأضاحي,14.0,To say Takbir while slaughtering,التَّكْبِيرِ عِنْدَ الذَّبْحِ,5565.0,"Narrated Anas: The Prophet (ﷺ) offered as sacrifices, two horned rams, black and white in color. He slaughtered themwith his own hands and mentioned Allah's Name over them and said Takbir and put his foot on theirsides.",Narrated Anas:,"The Prophet (ﷺ) offered as sacrifices, two horned rams, black and white in color. He slaughtered themwith his own hands and mentioned Allah's Name over them and said Takbir and put his foot on theirsides.",حَدَّثَنَا قُتَيْبَةُ، حَدَّثَنَا أَبُو عَوَانَةَ، عَنْ قَتَادَةَ، عَنْ أَنَسٍ، قَالَ ضَحَّى النَّبِيُّ صلى الله عليه وسلم بِكَبْشَيْنِ أَمْلَحَيْنِ أَقْرَنَيْنِ، ذَبَحَهُمَا بِيَدِهِ، وَسَمَّى وَكَبَّرَ وَوَضَعَ رِجْلَهُ عَلَى صِفَاحِهِمَا‏.‏,حَدَّثَنَا قُتَيْبَةُ، حَدَّثَنَا أَبُو عَوَانَةَ، عَنْ قَتَادَةَ، عَنْ أَنَسٍ، قَالَ,ضَحَّى النَّبِيُّ صلى الله عليه وسلم بِكَبْشَيْنِ أَمْلَحَيْنِ أَقْرَنَيْنِ، ذَبَحَهُمَا بِيَدِهِ، وَسَمَّى وَكَبَّرَ وَوَضَعَ رِجْلَهُ عَلَى صِفَاحِهِمَا‏.‏,nan,Sahih-Authentic,صحيح
73.0,Al-Adha Festival Sacrifice (Adaahi),كتاب الأضاحي,15.0,If someone sends his Hadi to be slaughtered,إِذَا بَعَثَ بِهَدْيِهِ لِيُذْبَحَ لَمْ يَحْرُمْ عَلَيْهِ شَىْءٌ,5566.0,"Narrated Masruq: that he came to `Aisha and said to her, ""O Mother of the Believers! There is a man who sends a Hadito Ka`ba and stays in his city and requests that his Hadi camel be garlanded while he remains in a stateof Ihram from that day till the people finish their Ihram (after completing all the ceremonies of Hajj)""(What do you say about it?) Masruq added, I heard the clapping of her hands behind the curtain. Shesaid, ""I used to twist the garlands for the Hadi of Allah's Messenger (ﷺ) and he used to send his Hadi toKa`ba but he never used to regard as unlawful what was lawful for men to do with their wives till thepeople returned (from the Hajj).",Narrated Masruq:,"that he came to `Aisha and said to her, ""O Mother of the Believers! There is a man who sends a Hadito Ka`ba and stays in his city and requests that his Hadi camel be garlanded while he remains in a stateof Ihram from that day till the people finish their Ihram (after completing all the ceremonies of Hajj)""(What do you say about it?) Masruq added, I heard the clapping of her hands behind the curtain. Shesaid, ""I used to twist the garlands for the Hadi of Allah's Messenger (ﷺ) and he used to send his Hadi toKa`ba but he never used to regard as unlawful what was lawful for men to do with their wives till thepeople returned (from the Hajj).",حَدَّثَنَا أَحْمَدُ بْنُ مُحَمَّدٍ، أَخْبَرَنَا عَبْدُ اللَّهِ، أَخْبَرَنَا إِسْمَاعِيلُ، عَنِ الشَّعْبِيِّ، عَنْ مَسْرُوقٍ، أَنَّهُ أَتَى عَائِشَةَ، فَقَالَ لَهَا يَا أُمَّ الْمُؤْمِنِينَ إِنَّ رَجُلاً يَبْعَثُ بِالْهَدْىِ إِلَى الْكَعْبَةِ، وَيَجْلِسُ فِي الْمِصْرِ، فَيُوصِي أَنْ تُقَلَّدَ بَدَنَتُهُ، فَلاَ يَزَالُ مِنْ ذَلِكَ الْيَوْمِ مُحْرِمًا حَتَّى يَحِلَّ النَّاسُ‏.‏ قَالَ فَسَمِعْتُ تَصْفِيقَهَا مِنْ وَرَاءِ الْحِجَابِ فَقَالَتْ لَقَدْ كُنْتُ أَفْتِلُ قَلاَئِدَ هَدْىِ رَسُولِ اللَّهِ صلى الله عليه وسلم فَيَبْعَثُ هَدْيَهُ إِلَى الْكَعْبَةِ، فَمَا يَحْرُمُ عَلَيْهِ مِمَّا حَلَّ لِلرِّجَالِ مِنْ أَهْلِهِ، حَتَّى يَرْجِعَ النَّاسُ‏.‏,حَدَّثَنَا أَحْمَدُ بْنُ مُحَمَّدٍ، أَخْبَرَنَا عَبْدُ اللَّهِ، أَخْبَرَنَا إِسْمَاعِيلُ، عَنِ الشَّعْبِيِّ، عَنْ مَسْرُوقٍ، أَنَّهُ,أَتَى عَائِشَةَ، فَقَالَ لَهَا يَا أُمَّ الْمُؤْمِنِينَ إِنَّ رَجُلاً يَبْعَثُ بِالْهَدْىِ إِلَى الْكَعْبَةِ، وَيَجْلِسُ فِي الْمِصْرِ، فَيُوصِي أَنْ تُقَلَّدَ بَدَنَتُهُ، فَلاَ يَزَالُ مِنْ ذَلِكَ الْيَوْمِ مُحْرِمًا حَتَّى يَحِلَّ النَّاسُ‏.‏ قَالَ فَسَمِعْتُ تَصْفِيقَهَا مِنْ وَرَاءِ الْحِجَابِ فَقَالَتْ لَقَدْ كُنْتُ أَفْتِلُ قَلاَئِدَ هَدْىِ رَسُولِ اللَّهِ صلى الله عليه وسلم فَيَبْعَثُ هَدْيَهُ إِلَى الْكَعْبَةِ، فَمَا يَحْرُمُ عَلَيْهِ مِمَّا حَلَّ لِلرِّجَالِ مِنْ أَهْلِهِ، حَتَّى يَرْجِعَ النَّاسُ‏.‏,nan,Sahih-Authentic,صحيح
73.0,Al-Adha Festival Sacrifice (Adaahi),كتاب الأضاحي,16.0,What may be eaten of the meat of sacrifices and what may be taken as journey food,مَا يُؤْكَلُ مِنْ لُحُومِ الأَضَاحِيِّ وَمَا يُتَزَوَّدُ مِنْهَا,5567.0,Narrated Jabir bin `Abdullah: During the lifetime of the Prophet (ﷺ) we used to take with us the meat of the sacrifices (of Id al Adha) toMedina. (The narrator often said. The meat of the Hadi).,Narrated Jabir bin `Abdullah:,During the lifetime of the Prophet (ﷺ) we used to take with us the meat of the sacrifices (of Id al Adha) toMedina. (The narrator often said. The meat of the Hadi).,حَدَّثَنَا عَلِيُّ بْنُ عَبْدِ اللَّهِ، حَدَّثَنَا سُفْيَانُ، قَالَ عَمْرٌو أَخْبَرَنِي عَطَاءٌ، سَمِعَ جَابِرَ بْنَ عَبْدِ اللَّهِ ـ رضى الله عنهما ـ قَالَ كُنَّا نَتَزَوَّدُ لُحُومَ الأَضَاحِيِّ عَلَى عَهْدِ النَّبِيِّ صلى الله عليه وسلم إِلَى الْمَدِينَةِ، وَقَالَ غَيْرَ مَرَّةٍ لُحُومَ الْهَدْىِ‏.‏,حَدَّثَنَا عَلِيُّ بْنُ عَبْدِ اللَّهِ، حَدَّثَنَا سُفْيَانُ، قَالَ عَمْرٌو أَخْبَرَنِي عَطَاءٌ، سَمِعَ جَابِرَ بْنَ عَبْدِ اللَّهِ ـ رضى الله عنهما ـ قَالَ,كُنَّا نَتَزَوَّدُ لُحُومَ الأَضَاحِيِّ عَلَى عَهْدِ النَّبِيِّ صلى الله عليه وسلم إِلَى الْمَدِينَةِ، وَقَالَ غَيْرَ مَرَّةٍ لُحُومَ الْهَدْىِ‏.‏,nan,Sahih-Authentic,صحيح
73.0,Al-Adha Festival Sacrifice (Adaahi),كتاب الأضاحي,16.0,What may be eaten of the meat of sacrifices and what may be taken as journey food,مَا يُؤْكَلُ مِنْ لُحُومِ الأَضَاحِيِّ وَمَا يُتَزَوَّدُ مِنْهَا,5568.0,"Narrated Abu Sa`id Al-Khudri: that once he was not present (at the time of `Id-al-Adha) and when he came. some meat was presentedto him. and the people said (to him), 'This is the meat of our sacrifices"" He said. 'Take it away; I shallnot taste it. (In his narration) Abu Sa`id added: I got up and went to my brother, Abu Qatada (who washis maternal brother and was one of the warriors of the battle of Badr) and mentioned that to him HeSa`d. 'A new verdict was given in your absence (i.e., meat of sacrifices was allowed to be stored andeaten later on).",Narrated Abu Sa`id Al-Khudri:,"that once he was not present (at the time of `Id-al-Adha) and when he came. some meat was presentedto him. and the people said (to him), 'This is the meat of our sacrifices"" He said. 'Take it away; I shallnot taste it. (In his narration) Abu Sa`id added: I got up and went to my brother, Abu Qatada (who washis maternal brother and was one of the warriors of the battle of Badr) and mentioned that to him HeSa`d. 'A new verdict was given in your absence (i.e., meat of sacrifices was allowed to be stored andeaten later on).",حَدَّثَنَا إِسْمَاعِيلُ، قَالَ حَدَّثَنِي سُلَيْمَانُ، عَنْ يَحْيَى بْنِ سَعِيدٍ، عَنِ الْقَاسِمِ، أَنَّ ابْنَ خَبَّابٍ، أَخْبَرَهُ أَنَّهُ، سَمِعَ أَبَا سَعِيدٍ، يُحَدِّثُ أَنَّهُ كَانَ غَائِبًا، فَقَدِمَ فَقُدِّمَ إِلَيْهِ لَحْمٌ‏.‏ قَالَ وَهَذَا مِنْ لَحْمِ ضَحَايَانَا‏.‏ فَقَالَ أَخِّرُوهُ لاَ أَذُوقُهُ‏.‏ قَالَ ثُمَّ قُمْتُ فَخَرَجْتُ حَتَّى آتِيَ أَخِي قَتَادَةَ ـ وَكَانَ أَخَاهُ لأُمِّهِ، وَكَانَ بَدْرِيًّا ـ فَذَكَرْتُ ذَلِكَ لَهُ فَقَالَ إِنَّهُ قَدْ حَدَثَ بَعْدَكَ أَمْرٌ‏.‏,حَدَّثَنَا إِسْمَاعِيلُ، قَالَ حَدَّثَنِي سُلَيْمَانُ، عَنْ يَحْيَى بْنِ سَعِيدٍ، عَنِ الْقَاسِمِ، أَنَّ ابْنَ خَبَّابٍ، أَخْبَرَهُ أَنَّهُ، سَمِعَ أَبَا سَعِيدٍ، يُحَدِّثُ أَنَّهُ,كَانَ غَائِبًا، فَقَدِمَ فَقُدِّمَ إِلَيْهِ لَحْمٌ‏.‏ قَالَ وَهَذَا مِنْ لَحْمِ ضَحَايَانَا‏.‏ فَقَالَ أَخِّرُوهُ لاَ أَذُوقُهُ‏.‏ قَالَ ثُمَّ قُمْتُ فَخَرَجْتُ حَتَّى آتِيَ أَخِي قَتَادَةَ ـ وَكَانَ أَخَاهُ لأُمِّهِ، وَكَانَ بَدْرِيًّا ـ فَذَكَرْتُ ذَلِكَ لَهُ فَقَالَ إِنَّهُ قَدْ حَدَثَ بَعْدَكَ أَمْرٌ‏.‏,nan,Sahih-Authentic,صحيح
73.0,Al-Adha Festival Sacrifice (Adaahi),كتاب الأضاحي,16.0,What may be eaten of the meat of sacrifices and what may be taken as journey food,مَا يُؤْكَلُ مِنْ لُحُومِ الأَضَاحِيِّ وَمَا يُتَزَوَّدُ مِنْهَا,5569.0,"Narrated Salama bin Al-Aqua': The Prophet (ﷺ) said, ""Whoever has slaughtered a sacrifice should not keep anything of Its meat afterthree days."" When it was the next year the people said, ""O Allah's Messenger (ﷺ)! Shall we do as we did lastyear?"" He said, ' Eat of it and feed of it to others and store of it for in that year the people were havinga hard time and I wanted you to help (the needy).",Narrated Salama bin Al-Aqua':,"The Prophet (ﷺ) said, ""Whoever has slaughtered a sacrifice should not keep anything of Its meat afterthree days."" When it was the next year the people said, ""O Allah's Messenger (ﷺ)! Shall we do as we did lastyear?"" He said, ' Eat of it and feed of it to others and store of it for in that year the people were havinga hard time and I wanted you to help (the needy).","حَدَّثَنَا أَبُو عَاصِمٍ، عَنْ يَزِيدَ بْنِ أَبِي عُبَيْدٍ، عَنْ سَلَمَةَ بْنِ الأَكْوَعِ، قَالَ قَالَ النَّبِيُّ صلى الله عليه وسلم ‏""‏ مَنْ ضَحَّى مِنْكُمْ فَلاَ يُصْبِحَنَّ بَعْدَ ثَالِثَةٍ وَفِي بَيْتِهِ مِنْهُ شَىْءٌ ‏""‏‏.‏ فَلَمَّا كَانَ الْعَامُ الْمُقْبِلُ قَالُوا يَا رَسُولَ اللَّهِ نَفْعَلُ كَمَا فَعَلْنَا عَامَ الْمَاضِي قَالَ ‏""‏ كُلُوا وَأَطْعِمُوا وَادَّخِرُوا فَإِنَّ ذَلِكَ الْعَامَ كَانَ بِالنَّاسِ جَهْدٌ فَأَرَدْتُ أَنْ تُعِينُوا فِيهَا ‏""‏‏.‏",حَدَّثَنَا أَبُو عَاصِمٍ، عَنْ يَزِيدَ بْنِ أَبِي عُبَيْدٍ، عَنْ سَلَمَةَ بْنِ الأَكْوَعِ، قَالَ,"قَالَ النَّبِيُّ صلى الله عليه وسلم ‏""‏ مَنْ ضَحَّى مِنْكُمْ فَلاَ يُصْبِحَنَّ بَعْدَ ثَالِثَةٍ وَفِي بَيْتِهِ مِنْهُ شَىْءٌ ‏""‏‏.‏ فَلَمَّا كَانَ الْعَامُ الْمُقْبِلُ قَالُوا يَا رَسُولَ اللَّهِ نَفْعَلُ كَمَا فَعَلْنَا عَامَ الْمَاضِي قَالَ ‏""‏ كُلُوا وَأَطْعِمُوا وَادَّخِرُوا فَإِنَّ ذَلِكَ الْعَامَ كَانَ بِالنَّاسِ جَهْدٌ فَأَرَدْتُ أَنْ تُعِينُوا فِيهَا ‏""‏‏.‏",nan,Sahih-Authentic,صحيح
73.0,Al-Adha Festival Sacrifice (Adaahi),كتاب الأضاحي,16.0,What may be eaten of the meat of sacrifices and what may be taken as journey food,مَا يُؤْكَلُ مِنْ لُحُومِ الأَضَاحِيِّ وَمَا يُتَزَوَّدُ مِنْهَا,5570.0,"Narrated `Aisha: We used to salt some of the meat of sacrifice and present it to the Prophet (ﷺ) at Medina. Once he said,""Do not eat (of that meat) for more than three days."" That was not a final order, but (that year) hewanted us to feed of it to others, Allah knows better.",Narrated `Aisha:,"We used to salt some of the meat of sacrifice and present it to the Prophet (ﷺ) at Medina. Once he said,""Do not eat (of that meat) for more than three days."" That was not a final order, but (that year) hewanted us to feed of it to others, Allah knows better.",حَدَّثَنَا إِسْمَاعِيلُ بْنُ عَبْدِاللَّهِ، قَالَ حَدَّثَنِي أَخِي، عَنْ سُلَيْمَانَ، عَنْ يَحْيَى بْنِ سَعِيدٍ، عَنْ عَمْرَةَ بِنْتِ عَبْدِ الرَّحْمَنِ، عَنْ عَائِشَةَ ـ رضى الله عنها ـ قَالَتِ الضَّحِيَّةُ كُنَّا نُمَلِّحُ مِنْهُ، فَنَقْدَمُ بِهِ إِلَى النَّبِيِّ صلى الله عليه وسلم بِالْمَدِينَةِ فَقَالَ ‏ ‏ لاَ تَأْكُلُوا إِلاَّ ثَلاَثَةَ أَيَّامٍ ‏‏‏.‏ وَلَيْسَتْ بِعَزِيمَةٍ، وَلَكِنْ أَرَادَ أَنْ يُطْعِمَ مِنْهُ وَاللَّهُ أَعْلَمُ‏.‏,حَدَّثَنَا إِسْمَاعِيلُ بْنُ عَبْدِاللَّهِ، قَالَ حَدَّثَنِي أَخِي، عَنْ سُلَيْمَانَ، عَنْ يَحْيَى بْنِ سَعِيدٍ، عَنْ عَمْرَةَ بِنْتِ عَبْدِ الرَّحْمَنِ، عَنْ عَائِشَةَ ـ رضى الله عنها ـ قَالَتِ,الضَّحِيَّةُ كُنَّا نُمَلِّحُ مِنْهُ، فَنَقْدَمُ بِهِ إِلَى النَّبِيِّ صلى الله عليه وسلم بِالْمَدِينَةِ فَقَالَ ‏ ‏ لاَ تَأْكُلُوا إِلاَّ ثَلاَثَةَ أَيَّامٍ ‏‏‏.‏ وَلَيْسَتْ بِعَزِيمَةٍ، وَلَكِنْ أَرَادَ أَنْ يُطْعِمَ مِنْهُ وَاللَّهُ أَعْلَمُ‏.‏,nan,Sahih-Authentic,صحيح
73.0,Al-Adha Festival Sacrifice (Adaahi),كتاب الأضاحي,16.0,What may be eaten of the meat of sacrifices and what may be taken as journey food,مَا يُؤْكَلُ مِنْ لُحُومِ الأَضَاحِيِّ وَمَا يُتَزَوَّدُ مِنْهَا,5571.0,"Narrated Abu `Ubaid: the freed slave of Ibn Azhar that he witnessed the Day of `Id-al-Adha with `Umar bin Al-Khattab.`Umar offered the `Id prayer before the sermon and then delivered the sermon before the people,saying, ""O people! Allah's Messenger (ﷺ) has forbidden you to fast (on the first day of) each of these two'Ida, for one of them is the Day of breaking your fast, and the other is the one, on which you eat themeat of your sacrifices.""",Narrated Abu `Ubaid:,"the freed slave of Ibn Azhar that he witnessed the Day of `Id-al-Adha with `Umar bin Al-Khattab.`Umar offered the `Id prayer before the sermon and then delivered the sermon before the people,saying, ""O people! Allah's Messenger (ﷺ) has forbidden you to fast (on the first day of) each of these two'Ida, for one of them is the Day of breaking your fast, and the other is the one, on which you eat themeat of your sacrifices.""",حَدَّثَنَا حِبَّانُ بْنُ مُوسَى، أَخْبَرَنَا عَبْدُ اللَّهِ، قَالَ أَخْبَرَنِي يُونُسُ، عَنِ الزُّهْرِيِّ، قَالَ حَدَّثَنِي أَبُو عُبَيْدٍ، مَوْلَى ابْنِ أَزْهَرَ أَنَّهُ شَهِدَ الْعِيدَ يَوْمَ الأَضْحَى مَعَ عُمَرَ بْنِ الْخَطَّابِ ـ رضى الله عنه ـ فَصَلَّى قَبْلَ الْخُطْبَةِ، ثُمَّ خَطَبَ النَّاسَ فَقَالَ يَا أَيُّهَا النَّاسُ إِنَّ رَسُولَ اللَّهِ صلى الله عليه وسلم قَدْ نَهَاكُمْ عَنْ صِيَامِ هَذَيْنِ الْعِيدَيْنِ، أَمَّا أَحَدُهُمَا فَيَوْمُ فِطْرِكُمْ مِنْ صِيَامِكُمْ وَأَمَّا الآخَرُ فَيَوْمٌ تَأْكُلُونَ نُسُكَكُمْ‏.‏,حَدَّثَنَا حِبَّانُ بْنُ مُوسَى، أَخْبَرَنَا عَبْدُ اللَّهِ، قَالَ أَخْبَرَنِي يُونُسُ، عَنِ الزُّهْرِيِّ، قَالَ حَدَّثَنِي أَبُو عُبَيْدٍ، مَوْلَى ابْنِ أَزْهَرَ أَنَّهُ,شَهِدَ الْعِيدَ يَوْمَ الأَضْحَى مَعَ عُمَرَ بْنِ الْخَطَّابِ ـ رضى الله عنه ـ فَصَلَّى قَبْلَ الْخُطْبَةِ، ثُمَّ خَطَبَ النَّاسَ فَقَالَ يَا أَيُّهَا النَّاسُ إِنَّ رَسُولَ اللَّهِ صلى الله عليه وسلم قَدْ نَهَاكُمْ عَنْ صِيَامِ هَذَيْنِ الْعِيدَيْنِ، أَمَّا أَحَدُهُمَا فَيَوْمُ فِطْرِكُمْ مِنْ صِيَامِكُمْ وَأَمَّا الآخَرُ فَيَوْمٌ تَأْكُلُونَ نُسُكَكُمْ‏.‏,nan,Sahih-Authentic,صحيح
73.0,Al-Adha Festival Sacrifice (Adaahi),كتاب الأضاحي,16.0,What may be eaten of the meat of sacrifices and what may be taken as journey food,مَا يُؤْكَلُ مِنْ لُحُومِ الأَضَاحِيِّ وَمَا يُتَزَوَّدُ مِنْهَا,5572.0,"Narrated Abu `Ubaid: (in continuation of above). Then I witnessed the `Id with `Uthman bin `Affan, and that was on a Friday.He offered the prayer before the sermon, saying, ""O people! Today you have two 'Its (festivals)together, so whoever of those who live at Al-`Awali (suburbs) would like to wait for the Jumuaprayer, he may wait, and whoever would like to return (home) Is granted my permission to do so.""",Narrated Abu `Ubaid:,"(in continuation of above). Then I witnessed the `Id with `Uthman bin `Affan, and that was on a Friday.He offered the prayer before the sermon, saying, ""O people! Today you have two 'Its (festivals)together, so whoever of those who live at Al-`Awali (suburbs) would like to wait for the Jumuaprayer, he may wait, and whoever would like to return (home) Is granted my permission to do so.""",قَالَ أَبُوعُبَيْدٍ ثُمَّ شَهِدْتُ مَعَ عُثْمَانَ بْنِ عَفَّانَ فَكَانَ ذَلِكَ يَوْمَ الْجُمُعَةِ، فَصَلَّى قَبْلَ الْخُطْبَةِ ثُمَّ خَطَبَ فَقَالَ يَا أَيُّهَا النَّاسُ إِنَّ هَذَا يَوْمٌ قَدِ اجْتَمَعَ لَكُمْ فِيهِ عِيدَانِ، فَمَنْ أَحَبَّ أَنْ يَنْتَظِرَ الْجُمُعَةَ مِنْ أَهْلِ الْعَوَالِي فَلْيَنْتَظِرْ، وَمَنْ أَحَبَّ أَنْ يَرْجِعَ فَقَدْ أَذِنْتُ لَهُ‏.‏,قَالَ أَبُوعُبَيْدٍ,ثُمَّ شَهِدْتُ مَعَ عُثْمَانَ بْنِ عَفَّانَ فَكَانَ ذَلِكَ يَوْمَ الْجُمُعَةِ، فَصَلَّى قَبْلَ الْخُطْبَةِ ثُمَّ خَطَبَ فَقَالَ يَا أَيُّهَا النَّاسُ إِنَّ هَذَا يَوْمٌ قَدِ اجْتَمَعَ لَكُمْ فِيهِ عِيدَانِ، فَمَنْ أَحَبَّ أَنْ يَنْتَظِرَ الْجُمُعَةَ مِنْ أَهْلِ الْعَوَالِي فَلْيَنْتَظِرْ، وَمَنْ أَحَبَّ أَنْ يَرْجِعَ فَقَدْ أَذِنْتُ لَهُ‏.‏,nan,Sahih-Authentic,صحيح
73.0,Al-Adha Festival Sacrifice (Adaahi),كتاب الأضاحي,16.0,What may be eaten of the meat of sacrifices and what may be taken as journey food,مَا يُؤْكَلُ مِنْ لُحُومِ الأَضَاحِيِّ وَمَا يُتَزَوَّدُ مِنْهَا,5573.0,"Narrated Abu `Ubaid: (in continuation of above). Then I witnessed (the 'Its) with `Ali bin Abi Talib, and he too offered the `Id prayer before the sermonand then delivered the sermon before the people and said, ""Allah's Messenger (ﷺ) has forbidden you to eatthe meat of your sacrifices for more than three days.""",Narrated Abu `Ubaid:,"(in continuation of above). Then I witnessed (the 'Its) with `Ali bin Abi Talib, and he too offered the `Id prayer before the sermonand then delivered the sermon before the people and said, ""Allah's Messenger (ﷺ) has forbidden you to eatthe meat of your sacrifices for more than three days.""",قَالَ أَبُوعُبَيْدٍ ثُمَّ شَهِدْتُهُ مَعَ عَلِيِّ بْنِ أَبِي طَالِبٍ، فَصَلَّى قَبْلَ الْخُطْبَةِ، ثُمَّ خَطَبَ النَّاسَ فَقَالَ إِنَّ رَسُولَ اللَّهِ صلى الله عليه وسلم نَهَاكُمْ أَنْ تَأْكُلُوا لُحُومَ نُسُكِكُمْ فَوْقَ ثَلاَثٍ‏.‏,قَالَ أَبُوعُبَيْدٍ,ثُمَّ شَهِدْتُهُ مَعَ عَلِيِّ بْنِ أَبِي طَالِبٍ، فَصَلَّى قَبْلَ الْخُطْبَةِ، ثُمَّ خَطَبَ النَّاسَ فَقَالَ إِنَّ رَسُولَ اللَّهِ صلى الله عليه وسلم نَهَاكُمْ أَنْ تَأْكُلُوا لُحُومَ نُسُكِكُمْ فَوْقَ ثَلاَثٍ‏.‏,وَعَنْ مَعْمَرٍ عَنِ الزُّهْرِيِّ عَنْ أَبِي عُبَيْدٍ نَحْوَهُ‏.‏,Sahih-Authentic,صحيح
73.0,Al-Adha Festival Sacrifice (Adaahi),كتاب الأضاحي,16.0,What may be eaten of the meat of sacrifices and what may be taken as journey food,مَا يُؤْكَلُ مِنْ لُحُومِ الأَضَاحِيِّ وَمَا يُتَزَوَّدُ مِنْهَا,5574.0,"Narrated Salim: `Abdullah bin `Umar said, ""Allah's Messenger (ﷺ) said, ""Eat of the meat of sacrifices (of `Id al Adha) forthree days."" When `Abdullah departed from Mina, he used to eat (bread with) oil, lest he should eat ofthe meat of Hadi (which is regarded as unlawful after the three days of the `Id).",Narrated Salim:,"`Abdullah bin `Umar said, ""Allah's Messenger (ﷺ) said, ""Eat of the meat of sacrifices (of `Id al Adha) forthree days."" When `Abdullah departed from Mina, he used to eat (bread with) oil, lest he should eat ofthe meat of Hadi (which is regarded as unlawful after the three days of the `Id).",حَدَّثَنَا مُحَمَّدُ بْنُ عَبْدِ الرَّحِيمِ، أَخْبَرَنَا يَعْقُوبُ بْنُ إِبْرَاهِيمَ بْنِ سَعْدٍ، عَنِ ابْنِ أَخِي ابْنِ شِهَابٍ، عَنْ عَمِّهِ ابْنِ شِهَابٍ، عَنْ سَالِمٍ، عَنْ عَبْدِ اللَّهِ بْنِ عُمَرَ ـ رضى الله عنهما ـ قَالَ رَسُولُ اللَّهِ صلى الله عليه وسلم ‏ ‏ كُلُوا مِنَ الأَضَاحِيِّ ثَلاَثًا ‏‏‏.‏ وَكَانَ عَبْدُ اللَّهِ يَأْكُلُ بِالزَّيْتِ حِينَ يَنْفِرُ مِنْ مِنًى، مِنْ أَجْلِ لُحُومِ الْهَدْىِ‏.‏,حَدَّثَنَا مُحَمَّدُ بْنُ عَبْدِ الرَّحِيمِ، أَخْبَرَنَا يَعْقُوبُ بْنُ إِبْرَاهِيمَ بْنِ سَعْدٍ، عَنِ ابْنِ أَخِي ابْنِ شِهَابٍ، عَنْ عَمِّهِ ابْنِ شِهَابٍ، عَنْ سَالِمٍ، عَنْ عَبْدِ اللَّهِ بْنِ عُمَرَ ـ رضى الله عنهما ـ,قَالَ رَسُولُ اللَّهِ صلى الله عليه وسلم ‏ ‏ كُلُوا مِنَ الأَضَاحِيِّ ثَلاَثًا ‏‏‏.‏ وَكَانَ عَبْدُ اللَّهِ يَأْكُلُ بِالزَّيْتِ حِينَ يَنْفِرُ مِنْ مِنًى، مِنْ أَجْلِ لُحُومِ الْهَدْىِ‏.‏,nan,Sahih-Authentic,صحيح
